1.50561e-23 1.51387e-23 -0.108713 
-1.72521e-25 3.02254e-23 -0.108637 
-0.0101759 0.00861295 -0.108561 

1.50561e-23 1.51387e-23 -0.108713 
-0.0101759 0.00861295 -0.108561 
3.01124e-23 2.0561e-25 -0.108484 

-1.72521e-25 3.02254e-23 -0.108637 
-3.06249e-25 3.02642e-23 -0.108765 
-0.0261295 0.00653929 -0.108688 

-1.72521e-25 3.02254e-23 -0.108637 
-0.0261295 0.00653929 -0.108688 
-0.0101759 0.00861295 -0.108561 

-3.06249e-25 3.02642e-23 -0.108765 
-4.67437e-25 3.0294e-23 -0.108783 
-0.0355159 0.00769641 -0.108681 

-3.06249e-25 3.02642e-23 -0.108765 
-0.0355159 0.00769641 -0.108681 
-0.0261295 0.00653929 -0.108688 

-4.67437e-25 3.0294e-23 -0.108783 
-7.15175e-25 3.04172e-23 -0.108993 
-0.0545481 0.0111775 -0.108949 

-4.67437e-25 3.0294e-23 -0.108783 
-0.0545481 0.0111775 -0.108949 
-0.0355159 0.00769641 -0.108681 

-7.15175e-25 3.04172e-23 -0.108993 
-1.1474e-24 3.07734e-23 -0.109755 
-0.0761479 0.0217149 -0.108916 

-7.15175e-25 3.04172e-23 -0.108993 
-0.0761479 0.0217149 -0.108916 
-0.0545481 0.0111775 -0.108949 

-1.1474e-24 3.07734e-23 -0.109755 
-1.86068e-24 3.08412e-23 -0.109445 
-0.113711 0.0300409 -0.109507 

-1.1474e-24 3.07734e-23 -0.109755 
-0.113711 0.0300409 -0.109507 
-0.0761479 0.0217149 -0.108916 

-1.86068e-24 3.08412e-23 -0.109445 
-2.60352e-24 3.05296e-23 -0.108649 
-0.137996 0.0102261 -0.112614 

-1.86068e-24 3.08412e-23 -0.109445 
-0.137996 0.0102261 -0.112614 
-0.113711 0.0300409 -0.109507 

-2.60352e-24 3.05296e-23 -0.108649 
-2.79956e-24 2.8662e-23 -0.103301 
-0.0905692 -0.0284976 -0.110133 

-2.60352e-24 3.05296e-23 -0.108649 
-0.0905692 -0.0284976 -0.110133 
-0.137996 0.0102261 -0.112614 

-2.79956e-24 2.8662e-23 -0.103301 
-2.18429e-24 2.2552e-23 -0.0828377 
0.0300985 -0.0633166 -0.0887613 

-2.79956e-24 2.8662e-23 -0.103301 
0.0300985 -0.0633166 -0.0887613 
-0.0905692 -0.0284976 -0.110133 

-2.18429e-24 2.2552e-23 -0.0828377 
-8.57808e-25 1.3555e-23 -0.0513241 
0.145731 -0.0806775 -0.0554925 

-2.18429e-24 2.2552e-23 -0.0828377 
0.145731 -0.0806775 -0.0554925 
0.0300985 -0.0633166 -0.0887613 

-8.57808e-25 1.3555e-23 -0.0513241 
7.75997e-25 5.4622e-24 -0.0223648 
0.246153 -0.079374 -0.0256024 

-8.57808e-25 1.3555e-23 -0.0513241 
0.246153 -0.079374 -0.0256024 
0.145731 -0.0806775 -0.0554925 

7.75997e-25 5.4622e-24 -0.0223648 
2.38574e-24 4.83517e-25 -0.00412329 
0.325515 -0.0666682 -0.00697874 

7.75997e-25 5.4622e-24 -0.0223648 
0.325515 -0.0666682 -0.00697874 
0.246153 -0.079374 -0.0256024 

2.38574e-24 4.83517e-25 -0.00412329 
3.75794e-24 -1.19096e-24 0.00242445 
0.384454 -0.0470708 -0.000233889 

2.38574e-24 4.83517e-25 -0.00412329 
0.384454 -0.0470708 -0.000233889 
0.325515 -0.0666682 -0.00697874 

3.75794e-24 -1.19096e-24 0.00242445 
4.81094e-24 -3.38738e-25 -0.000115884 
0.423842 -0.0269251 -0.00203186 

3.75794e-24 -1.19096e-24 0.00242445 
0.423842 -0.0269251 -0.00203186 
0.384454 -0.0470708 -0.000233889 

4.81094e-24 -3.38738e-25 -0.000115884 
5.54336e-24 1.73386e-24 -0.00706965 
0.449072 -0.0104872 -0.00895373 

4.81094e-24 -3.38738e-25 -0.000115884 
0.449072 -0.0104872 -0.00895373 
0.423842 -0.0269251 -0.00203186 

5.54336e-24 1.73386e-24 -0.00706965 
5.99679e-24 4.0424e-24 -0.0149655 
0.466785 0.00206128 -0.0163414 

5.54336e-24 1.73386e-24 -0.00706965 
0.466785 0.00206128 -0.0163414 
0.449072 -0.0104872 -0.00895373 

5.99679e-24 4.0424e-24 -0.0149655 
6.22333e-24 6.13337e-24 -0.0221505 
0.473435 0.0110801 -0.0233511 

5.99679e-24 4.0424e-24 -0.0149655 
0.473435 0.0110801 -0.0233511 
0.466785 0.00206128 -0.0163414 

6.22333e-24 6.13337e-24 -0.0221505 
6.25872e-24 7.72112e-24 -0.0276064 
0.475974 0.0168328 -0.028497 

6.22333e-24 6.13337e-24 -0.0221505 
0.475974 0.0168328 -0.028497 
0.473435 0.0110801 -0.0233511 

6.25872e-24 7.72112e-24 -0.0276064 
6.15106e-24 8.79427e-24 -0.0312753 
0.472453 0.0205464 -0.0319516 

6.25872e-24 7.72112e-24 -0.0276064 
0.472453 0.0205464 -0.0319516 
0.475974 0.0168328 -0.028497 

6.15106e-24 8.79427e-24 -0.0312753 
5.92851e-24 9.43103e-24 -0.0334272 
0.46417 0.0227986 -0.0339466 

6.15106e-24 8.79427e-24 -0.0312753 
0.46417 0.0227986 -0.0339466 
0.472453 0.0205464 -0.0319516 

5.92851e-24 9.43103e-24 -0.0334272 
5.61958e-24 9.68089e-24 -0.0342349 
0.452727 0.0239022 -0.0345716 

5.92851e-24 9.43103e-24 -0.0334272 
0.452727 0.0239022 -0.0345716 
0.46417 0.0227986 -0.0339466 

5.61958e-24 9.68089e-24 -0.0342349 
5.24634e-24 9.66158e-24 -0.0341073 
0.436918 0.0243171 -0.0343627 

5.61958e-24 9.68089e-24 -0.0342349 
0.436918 0.0243171 -0.0343627 
0.452727 0.0239022 -0.0345716 

5.24634e-24 9.66158e-24 -0.0341073 
4.82789e-24 9.44136e-24 -0.0332859 
0.417468 0.0242497 -0.0333865 

5.24634e-24 9.66158e-24 -0.0341073 
0.417468 0.0242497 -0.0333865 
0.436918 0.0243171 -0.0343627 

4.82789e-24 9.44136e-24 -0.0332859 
4.37995e-24 9.09664e-24 -0.032037 
0.393965 0.024123 -0.0320809 

4.82789e-24 9.44136e-24 -0.0332859 
0.393965 0.024123 -0.0320809 
0.417468 0.0242497 -0.0333865 

4.37995e-24 9.09664e-24 -0.032037 
3.91768e-24 8.67104e-24 -0.0305199 
0.367038 0.02371 -0.0304623 

4.37995e-24 9.09664e-24 -0.032037 
0.367038 0.02371 -0.0304623 
0.393965 0.024123 -0.0320809 

3.91768e-24 8.67104e-24 -0.0305199 
3.45366e-24 8.19934e-24 -0.0288529 
0.337494 0.0229674 -0.0287498 

3.91768e-24 8.67104e-24 -0.0305199 
0.337494 0.0229674 -0.0287498 
0.367038 0.02371 -0.0304623 

3.45366e-24 8.19934e-24 -0.0288529 
3.00128e-24 7.71426e-24 -0.0271546 
0.30572 0.0217303 -0.0270069 

3.45366e-24 8.19934e-24 -0.0288529 
0.30572 0.0217303 -0.0270069 
0.337494 0.0229674 -0.0287498 

3.00128e-24 7.71426e-24 -0.0271546 
2.57406e-24 7.22772e-24 -0.0254649 
0.273322 0.0198741 -0.0253111 

3.00128e-24 7.71426e-24 -0.0271546 
0.273322 0.0198741 -0.0253111 
0.30572 0.0217303 -0.0270069 

2.57406e-24 7.22772e-24 -0.0254649 
2.18373e-24 6.75236e-24 -0.0238273 
0.241756 0.017411 -0.0236747 

2.57406e-24 7.22772e-24 -0.0254649 
0.241756 0.017411 -0.0236747 
0.273322 0.0198741 -0.0253111 

2.18373e-24 6.75236e-24 -0.0238273 
1.84047e-24 6.28226e-24 -0.0222156 
0.212322 0.0145057 -0.0220855 

2.18373e-24 6.75236e-24 -0.0238273 
0.212322 0.0145057 -0.0220855 
0.241756 0.017411 -0.0236747 

1.84047e-24 6.28226e-24 -0.0222156 
1.55071e-24 5.81445e-24 -0.0206128 
0.185989 0.0114631 -0.0205137 

1.84047e-24 6.28226e-24 -0.0222156 
0.185989 0.0114631 -0.0205137 
0.212322 0.0145057 -0.0220855 

1.55071e-24 5.81445e-24 -0.0206128 
1.31636e-24 5.3434e-24 -0.018995 
0.163473 0.00858365 -0.0189258 

1.55071e-24 5.81445e-24 -0.0206128 
0.163473 0.00858365 -0.0189258 
0.185989 0.0114631 -0.0205137 

1.31636e-24 5.3434e-24 -0.018995 
1.13547e-24 4.86817e-24 -0.0173554 
0.144989 0.00603557 -0.0173061 

1.31636e-24 5.3434e-24 -0.018995 
0.144989 0.00603557 -0.0173061 
0.163473 0.00858365 -0.0189258 

1.13547e-24 4.86817e-24 -0.0173554 
1.00314e-24 4.39564e-24 -0.0157152 
0.130279 0.00393769 -0.015674 

1.13547e-24 4.86817e-24 -0.0173554 
0.130279 0.00393769 -0.015674 
0.144989 0.00603557 -0.0173061 

1.00314e-24 4.39564e-24 -0.0157152 
9.1189e-25 3.94135e-24 -0.0141258 
0.118885 0.00236835 -0.0140777 

1.00314e-24 4.39564e-24 -0.0157152 
0.118885 0.00236835 -0.0140777 
0.130279 0.00393769 -0.015674 

9.1189e-25 3.94135e-24 -0.0141258 
8.51761e-25 3.52888e-24 -0.0126679 
0.110199 0.00135378 -0.0126052 

9.1189e-25 3.94135e-24 -0.0141258 
0.110199 0.00135378 -0.0126052 
0.118885 0.00236835 -0.0140777 

8.51761e-25 3.52888e-24 -0.0126679 
8.11365e-25 3.17917e-24 -0.0114175 
0.103701 0.000860463 -0.0113424 

8.51761e-25 3.52888e-24 -0.0126679 
0.103701 0.000860463 -0.0113424 
0.110199 0.00135378 -0.0126052 

8.11365e-25 3.17917e-24 -0.0114175 
7.80409e-25 2.90109e-24 -0.0104128 
0.0989701 0.000702072 -0.0103398 

8.11365e-25 3.17917e-24 -0.0114175 
0.0989701 0.000702072 -0.0103398 
0.103701 0.000860463 -0.0113424 

7.80409e-25 2.90109e-24 -0.0104128 
7.52806e-25 2.68436e-24 -0.00962751 
0.0956989 0.000585882 -0.00958199 

7.80409e-25 2.90109e-24 -0.0104128 
0.0956989 0.000585882 -0.00958199 
0.0989701 0.000702072 -0.0103398 

7.52806e-25 2.68436e-24 -0.00962751 
7.29121e-25 2.49931e-24 -0.00896633 
0.0937833 0.000227141 -0.00897119 

7.52806e-25 2.68436e-24 -0.00962751 
0.0937833 0.000227141 -0.00897119 
0.0956989 0.000585882 -0.00958199 

7.29121e-25 2.49931e-24 -0.00896633 
7.16071e-25 2.30452e-24 -0.0082871 
0.0933742 -0.000539295 -0.00835147 

7.29121e-25 2.49931e-24 -0.00896633 
0.0933742 -0.000539295 -0.00835147 
0.0937833 0.000227141 -0.00897119 

7.16071e-25 2.30452e-24 -0.0082871 
7.23136e-25 2.06031e-24 -0.00744639 
0.0947139 -0.00165974 -0.00755849 

7.16071e-25 2.30452e-24 -0.0082871 
0.0947139 -0.00165974 -0.00755849 
0.0933742 -0.000539295 -0.00835147 

7.23136e-25 2.06031e-24 -0.00744639 
7.57911e-25 1.74528e-24 -0.00635896 
0.0979248 -0.00290624 -0.00648873 

7.23136e-25 2.06031e-24 -0.00744639 
0.0979248 -0.00290624 -0.00648873 
0.0947139 -0.00165974 -0.00755849 

7.57911e-25 1.74528e-24 -0.00635896 
8.22412e-25 1.36637e-24 -0.00503779 
0.102856 -0.00396438 -0.00515009 

7.57911e-25 1.74528e-24 -0.00635896 
0.102856 -0.00396438 -0.00515009 
0.0979248 -0.00290624 -0.00648873 

8.22412e-25 1.36637e-24 -0.00503779 
9.11954e-25 9.56642e-25 -0.00359118 
0.109119 -0.00459187 -0.00366042 

8.22412e-25 1.36637e-24 -0.00503779 
0.109119 -0.00459187 -0.00366042 
0.102856 -0.00396438 -0.00515009 

9.11954e-25 9.56642e-25 -0.00359118 
1.01694e-24 5.61469e-25 -0.00217758 
0.116223 -0.0047066 -0.00219527 

9.11954e-25 9.56642e-25 -0.00359118 
0.116223 -0.0047066 -0.00219527 
0.109119 -0.00459187 -0.00366042 

1.01694e-24 5.61469e-25 -0.00217758 
1.12774e-24 2.20492e-25 -0.000941049 
0.123784 -0.0044277 -0.000920562 

1.01694e-24 5.61469e-25 -0.00217758 
0.123784 -0.0044277 -0.000920562 
0.116223 -0.0047066 -0.00219527 

1.12774e-24 2.20492e-25 -0.000941049 
2.97626e-25 -1.92919e-26 7.6153e-05 
0.131856 -0.00416863 4.88642e-05 

1.12774e-24 2.20492e-25 -0.000941049 
0.131856 -0.00416863 4.88642e-05 
0.123784 -0.0044277 -0.000920562 

3.01124e-23 2.0561e-25 -0.108484 
-0.0101759 0.00861295 -0.108561 
0.0103597 0.0216111 -0.109139 

3.01124e-23 2.0561e-25 -0.108484 
0.0103597 0.0216111 -0.109139 
3.10447e-23 2.71046e-25 -0.109019 

-0.0101759 0.00861295 -0.108561 
-0.0261295 0.00653929 -0.108688 
-0.0181273 0.0164604 -0.108982 

-0.0101759 0.00861295 -0.108561 
-0.0181273 0.0164604 -0.108982 
0.0103597 0.0216111 -0.109139 

-0.0261295 0.00653929 -0.108688 
-0.0355159 0.00769641 -0.108681 
-0.0282261 0.0172424 -0.108603 

-0.0261295 0.00653929 -0.108688 
-0.0282261 0.0172424 -0.108603 
-0.0181273 0.0164604 -0.108982 

-0.0355159 0.00769641 -0.108681 
-0.0545481 0.0111775 -0.108949 
-0.0376386 0.0139936 -0.108802 

-0.0355159 0.00769641 -0.108681 
-0.0376386 0.0139936 -0.108802 
-0.0282261 0.0172424 -0.108603 

-0.0545481 0.0111775 -0.108949 
-0.0761479 0.0217149 -0.108916 
-0.00397401 0.00670174 -0.108746 

-0.0545481 0.0111775 -0.108949 
-0.00397401 0.00670174 -0.108746 
-0.0376386 0.0139936 -0.108802 

-0.0761479 0.0217149 -0.108916 
-0.113711 0.0300409 -0.109507 
0.0785414 -0.0141024 -0.112656 

-0.0761479 0.0217149 -0.108916 
0.0785414 -0.0141024 -0.112656 
-0.00397401 0.00670174 -0.108746 

-0.113711 0.0300409 -0.109507 
-0.137996 0.0102261 -0.112614 
0.228154 -0.0672249 -0.11673 

-0.113711 0.0300409 -0.109507 
0.228154 -0.0672249 -0.11673 
0.0785414 -0.0141024 -0.112656 

-0.137996 0.0102261 -0.112614 
-0.0905692 -0.0284976 -0.110133 
0.426867 -0.131459 -0.110863 

-0.137996 0.0102261 -0.112614 
0.426867 -0.131459 -0.110863 
0.228154 -0.0672249 -0.11673 

-0.0905692 -0.0284976 -0.110133 
0.0300985 -0.0633166 -0.0887613 
0.604771 -0.173279 -0.0889698 

-0.0905692 -0.0284976 -0.110133 
0.604771 -0.173279 -0.0889698 
0.426867 -0.131459 -0.110863 

0.0300985 -0.0633166 -0.0887613 
0.145731 -0.0806775 -0.0554925 
0.703199 -0.189076 -0.0610325 

0.0300985 -0.0633166 -0.0887613 
0.703199 -0.189076 -0.0610325 
0.604771 -0.173279 -0.0889698 

0.145731 -0.0806775 -0.0554925 
0.246153 -0.079374 -0.0256024 
0.754329 -0.182207 -0.0378986 

0.145731 -0.0806775 -0.0554925 
0.754329 -0.182207 -0.0378986 
0.703199 -0.189076 -0.0610325 

0.246153 -0.079374 -0.0256024 
0.325515 -0.0666682 -0.00697874 
0.768115 -0.155237 -0.0241785 

0.246153 -0.079374 -0.0256024 
0.768115 -0.155237 -0.0241785 
0.754329 -0.182207 -0.0378986 

0.325515 -0.0666682 -0.00697874 
0.384454 -0.0470708 -0.000233889 
0.779855 -0.116418 -0.0216726 

0.325515 -0.0666682 -0.00697874 
0.779855 -0.116418 -0.0216726 
0.768115 -0.155237 -0.0241785 

0.384454 -0.0470708 -0.000233889 
0.423842 -0.0269251 -0.00203186 
0.790636 -0.094705 -0.023296 

0.384454 -0.0470708 -0.000233889 
0.790636 -0.094705 -0.023296 
0.779855 -0.116418 -0.0216726 

0.423842 -0.0269251 -0.00203186 
0.449072 -0.0104872 -0.00895373 
0.800755 -0.0688315 -0.0278231 

0.423842 -0.0269251 -0.00203186 
0.800755 -0.0688315 -0.0278231 
0.790636 -0.094705 -0.023296 

0.449072 -0.0104872 -0.00895373 
0.466785 0.00206128 -0.0163414 
0.803129 -0.048507 -0.0320629 

0.449072 -0.0104872 -0.00895373 
0.803129 -0.048507 -0.0320629 
0.800755 -0.0688315 -0.0278231 

0.466785 0.00206128 -0.0163414 
0.473435 0.0110801 -0.0233511 
0.797415 -0.0343562 -0.0355035 

0.466785 0.00206128 -0.0163414 
0.797415 -0.0343562 -0.0355035 
0.803129 -0.048507 -0.0320629 

0.473435 0.0110801 -0.0233511 
0.475974 0.0168328 -0.028497 
0.796538 -0.0158922 -0.0376349 

0.473435 0.0110801 -0.0233511 
0.796538 -0.0158922 -0.0376349 
0.797415 -0.0343562 -0.0355035 

0.475974 0.0168328 -0.028497 
0.472453 0.0205464 -0.0319516 
0.789334 -0.00895471 -0.0387055 

0.475974 0.0168328 -0.028497 
0.789334 -0.00895471 -0.0387055 
0.796538 -0.0158922 -0.0376349 

0.472453 0.0205464 -0.0319516 
0.46417 0.0227986 -0.0339466 
0.784933 0.00457845 -0.0390604 

0.472453 0.0205464 -0.0319516 
0.784933 0.00457845 -0.0390604 
0.789334 -0.00895471 -0.0387055 

0.46417 0.0227986 -0.0339466 
0.452727 0.0239022 -0.0345716 
0.77499 0.011077 -0.038455 

0.46417 0.0227986 -0.0339466 
0.77499 0.011077 -0.038455 
0.784933 0.00457845 -0.0390604 

0.452727 0.0239022 -0.0345716 
0.436918 0.0243171 -0.0343627 
0.762329 0.0202761 -0.0373434 

0.452727 0.0239022 -0.0345716 
0.762329 0.0202761 -0.0373434 
0.77499 0.011077 -0.038455 

0.436918 0.0243171 -0.0343627 
0.417468 0.0242497 -0.0333865 
0.746956 0.026 -0.0357344 

0.436918 0.0243171 -0.0343627 
0.746956 0.026 -0.0357344 
0.762329 0.0202761 -0.0373434 

0.417468 0.0242497 -0.0333865 
0.393965 0.024123 -0.0320809 
0.725122 0.0336717 -0.033947 

0.417468 0.0242497 -0.0333865 
0.725122 0.0336717 -0.033947 
0.746956 0.026 -0.0357344 

0.393965 0.024123 -0.0320809 
0.367038 0.02371 -0.0304623 
0.700313 0.0393507 -0.0320538 

0.393965 0.024123 -0.0320809 
0.700313 0.0393507 -0.0320538 
0.725122 0.0336717 -0.033947 

0.367038 0.02371 -0.0304623 
0.337494 0.0229674 -0.0287498 
0.671292 0.0447195 -0.0300446 

0.367038 0.02371 -0.0304623 
0.671292 0.0447195 -0.0300446 
0.700313 0.0393507 -0.0320538 

0.337494 0.0229674 -0.0287498 
0.30572 0.0217303 -0.0270069 
0.640009 0.0476378 -0.028001 

0.337494 0.0229674 -0.0287498 
0.640009 0.0476378 -0.028001 
0.671292 0.0447195 -0.0300446 

0.30572 0.0217303 -0.0270069 
0.273322 0.0198741 -0.0253111 
0.605445 0.0486208 -0.0259229 

0.30572 0.0217303 -0.0270069 
0.605445 0.0486208 -0.0259229 
0.640009 0.0476378 -0.028001 

0.273322 0.0198741 -0.0253111 
0.241756 0.017411 -0.0236747 
0.5732 0.0475452 -0.0238955 

0.273322 0.0198741 -0.0253111 
0.5732 0.0475452 -0.0238955 
0.605445 0.0486208 -0.0259229 

0.241756 0.017411 -0.0236747 
0.212322 0.0145057 -0.0220855 
0.540788 0.0444965 -0.0219448 

0.241756 0.017411 -0.0236747 
0.540788 0.0444965 -0.0219448 
0.5732 0.0475452 -0.0238955 

0.212322 0.0145057 -0.0220855 
0.185989 0.0114631 -0.0205137 
0.509972 0.0397989 -0.0200861 

0.212322 0.0145057 -0.0220855 
0.509972 0.0397989 -0.0200861 
0.540788 0.0444965 -0.0219448 

0.185989 0.0114631 -0.0205137 
0.163473 0.00858365 -0.0189258 
0.481999 0.0344596 -0.0183107 

0.185989 0.0114631 -0.0205137 
0.481999 0.0344596 -0.0183107 
0.509972 0.0397989 -0.0200861 

0.163473 0.00858365 -0.0189258 
0.144989 0.00603557 -0.0173061 
0.456414 0.0287442 -0.0166021 

0.163473 0.00858365 -0.0189258 
0.456414 0.0287442 -0.0166021 
0.481999 0.0344596 -0.0183107 

0.144989 0.00603557 -0.0173061 
0.130279 0.00393769 -0.015674 
0.433899 0.0231324 -0.0149621 

0.144989 0.00603557 -0.0173061 
0.433899 0.0231324 -0.0149621 
0.456414 0.0287442 -0.0166021 

0.130279 0.00393769 -0.015674 
0.118885 0.00236835 -0.0140777 
0.414701 0.0179511 -0.0134066 

0.130279 0.00393769 -0.015674 
0.414701 0.0179511 -0.0134066 
0.433899 0.0231324 -0.0149621 

0.118885 0.00236835 -0.0140777 
0.110199 0.00135378 -0.0126052 
0.398733 0.0132635 -0.0120095 

0.118885 0.00236835 -0.0140777 
0.398733 0.0132635 -0.0120095 
0.414701 0.0179511 -0.0134066 

0.110199 0.00135378 -0.0126052 
0.103701 0.000860463 -0.0113424 
0.386213 0.00917181 -0.0108424 

0.110199 0.00135378 -0.0126052 
0.386213 0.00917181 -0.0108424 
0.398733 0.0132635 -0.0120095 

0.103701 0.000860463 -0.0113424 
0.0989701 0.000702072 -0.0103398 
0.377225 0.00551409 -0.00992985 

0.103701 0.000860463 -0.0113424 
0.377225 0.00551409 -0.00992985 
0.386213 0.00917181 -0.0108424 

0.0989701 0.000702072 -0.0103398 
0.0956989 0.000585882 -0.00958199 
0.371939 0.00218972 -0.00925688 

0.0989701 0.000702072 -0.0103398 
0.371939 0.00218972 -0.00925688 
0.377225 0.00551409 -0.00992985 

0.0956989 0.000585882 -0.00958199 
0.0937833 0.000227141 -0.00897119 
0.370138 -0.00100853 -0.00871295 

0.0956989 0.000585882 -0.00958199 
0.370138 -0.00100853 -0.00871295 
0.371939 0.00218972 -0.00925688 

0.0937833 0.000227141 -0.00897119 
0.0933742 -0.000539295 -0.00835147 
0.37145 -0.00414438 -0.00813598 

0.0937833 0.000227141 -0.00897119 
0.37145 -0.00414438 -0.00813598 
0.370138 -0.00100853 -0.00871295 

0.0933742 -0.000539295 -0.00835147 
0.0947139 -0.00165974 -0.00755849 
0.375119 -0.00712248 -0.00737001 

0.0933742 -0.000539295 -0.00835147 
0.375119 -0.00712248 -0.00737001 
0.37145 -0.00414438 -0.00813598 

0.0947139 -0.00165974 -0.00755849 
0.0979248 -0.00290624 -0.00648873 
0.380122 -0.00972119 -0.00631634 

0.0947139 -0.00165974 -0.00755849 
0.380122 -0.00972119 -0.00631634 
0.375119 -0.00712248 -0.00737001 

0.0979248 -0.00290624 -0.00648873 
0.102856 -0.00396438 -0.00515009 
0.385548 -0.0116597 -0.00500056 

0.0979248 -0.00290624 -0.00648873 
0.385548 -0.0116597 -0.00500056 
0.380122 -0.00972119 -0.00631634 

0.102856 -0.00396438 -0.00515009 
0.109119 -0.00459187 -0.00366042 
0.390737 -0.0127572 -0.00354649 

0.102856 -0.00396438 -0.00515009 
0.390737 -0.0127572 -0.00354649 
0.385548 -0.0116597 -0.00500056 

0.109119 -0.00459187 -0.00366042 
0.116223 -0.0047066 -0.00219527 
0.395432 -0.013041 -0.00212496 

0.109119 -0.00459187 -0.00366042 
0.395432 -0.013041 -0.00212496 
0.390737 -0.0127572 -0.00354649 

0.116223 -0.0047066 -0.00219527 
0.123784 -0.0044277 -0.000920562 
0.399672 -0.0127121 -0.000888177 

0.116223 -0.0047066 -0.00219527 
0.399672 -0.0127121 -0.000888177 
0.395432 -0.013041 -0.00212496 

0.123784 -0.0044277 -0.000920562 
0.131856 -0.00416863 4.88642e-05 
0.40488 -0.01209 9.03121e-05 

0.123784 -0.0044277 -0.000920562 
0.40488 -0.01209 9.03121e-05 
0.399672 -0.0127121 -0.000888177 

3.10447e-23 2.71046e-25 -0.109019 
0.0103597 0.0216111 -0.109139 
0.192952 -0.0185146 -0.11117 

3.10447e-23 2.71046e-25 -0.109019 
0.192952 -0.0185146 -0.11117 
2.99911e-23 1.51178e-23 -0.112808 

0.0103597 0.0216111 -0.109139 
-0.0181273 0.0164604 -0.108982 
0.302701 -0.0276918 -0.109409 

0.0103597 0.0216111 -0.109139 
0.302701 -0.0276918 -0.109409 
0.192952 -0.0185146 -0.11117 

-0.0181273 0.0164604 -0.108982 
-0.0282261 0.0172424 -0.108603 
0.438535 -0.0543123 -0.109028 

-0.0181273 0.0164604 -0.108982 
0.438535 -0.0543123 -0.109028 
0.302701 -0.0276918 -0.109409 

-0.0282261 0.0172424 -0.108603 
-0.0376386 0.0139936 -0.108802 
0.583893 -0.0816739 -0.109324 

-0.0282261 0.0172424 -0.108603 
0.583893 -0.0816739 -0.109324 
0.438535 -0.0543123 -0.109028 

-0.0376386 0.0139936 -0.108802 
-0.00397401 0.00670174 -0.108746 
0.721755 -0.110172 -0.10584 

-0.0376386 0.0139936 -0.108802 
0.721755 -0.110172 -0.10584 
0.583893 -0.0816739 -0.109324 

-0.00397401 0.00670174 -0.108746 
0.0785414 -0.0141024 -0.112656 
0.815932 -0.133869 -0.106655 

-0.00397401 0.00670174 -0.108746 
0.815932 -0.133869 -0.106655 
0.721755 -0.110172 -0.10584 

0.0785414 -0.0141024 -0.112656 
0.228154 -0.0672249 -0.11673 
0.894049 -0.171246 -0.101781 

0.0785414 -0.0141024 -0.112656 
0.894049 -0.171246 -0.101781 
0.815932 -0.133869 -0.106655 

0.228154 -0.0672249 -0.11673 
0.426867 -0.131459 -0.110863 
0.88578 -0.200058 -0.089475 

0.228154 -0.0672249 -0.11673 
0.88578 -0.200058 -0.089475 
0.894049 -0.171246 -0.101781 

0.426867 -0.131459 -0.110863 
0.604771 -0.173279 -0.0889698 
0.840037 -0.208477 -0.071632 

0.426867 -0.131459 -0.110863 
0.840037 -0.208477 -0.071632 
0.88578 -0.200058 -0.089475 

0.604771 -0.173279 -0.0889698 
0.703199 -0.189076 -0.0610325 
0.755469 -0.203523 -0.0580066 

0.604771 -0.173279 -0.0889698 
0.755469 -0.203523 -0.0580066 
0.840037 -0.208477 -0.071632 

0.703199 -0.189076 -0.0610325 
0.754329 -0.182207 -0.0378986 
0.716002 -0.162618 -0.0504824 

0.703199 -0.189076 -0.0610325 
0.716002 -0.162618 -0.0504824 
0.755469 -0.203523 -0.0580066 

0.754329 -0.182207 -0.0378986 
0.768115 -0.155237 -0.0241785 
0.656338 -0.128596 -0.0479096 

0.754329 -0.182207 -0.0378986 
0.656338 -0.128596 -0.0479096 
0.716002 -0.162618 -0.0504824 

0.768115 -0.155237 -0.0241785 
0.779855 -0.116418 -0.0216726 
0.623974 -0.0928082 -0.0487963 

0.768115 -0.155237 -0.0241785 
0.623974 -0.0928082 -0.0487963 
0.656338 -0.128596 -0.0479096 

0.779855 -0.116418 -0.0216726 
0.790636 -0.094705 -0.023296 
0.584789 -0.0654222 -0.0485733 

0.779855 -0.116418 -0.0216726 
0.584789 -0.0654222 -0.0485733 
0.623974 -0.0928082 -0.0487963 

0.790636 -0.094705 -0.023296 
0.800755 -0.0688315 -0.0278231 
0.567318 -0.0394678 -0.0499188 

0.790636 -0.094705 -0.023296 
0.567318 -0.0394678 -0.0499188 
0.584789 -0.0654222 -0.0485733 

0.800755 -0.0688315 -0.0278231 
0.803129 -0.048507 -0.0320629 
0.552096 -0.0218774 -0.0497935 

0.800755 -0.0688315 -0.0278231 
0.552096 -0.0218774 -0.0497935 
0.567318 -0.0394678 -0.0499188 

0.803129 -0.048507 -0.0320629 
0.797415 -0.0343562 -0.0355035 
0.554614 -0.00374729 -0.0500976 

0.803129 -0.048507 -0.0320629 
0.554614 -0.00374729 -0.0500976 
0.552096 -0.0218774 -0.0497935 

0.797415 -0.0343562 -0.0355035 
0.796538 -0.0158922 -0.0376349 
0.560536 0.00759956 -0.0496357 

0.797415 -0.0343562 -0.0355035 
0.560536 0.00759956 -0.0496357 
0.554614 -0.00374729 -0.0500976 

0.796538 -0.0158922 -0.0376349 
0.789334 -0.00895471 -0.0387055 
0.576148 0.0205814 -0.0489946 

0.796538 -0.0158922 -0.0376349 
0.576148 0.0205814 -0.0489946 
0.560536 0.00759956 -0.0496357 

0.789334 -0.00895471 -0.0387055 
0.784933 0.00457845 -0.0390604 
0.596023 0.0300238 -0.0478944 

0.789334 -0.00895471 -0.0387055 
0.596023 0.0300238 -0.0478944 
0.576148 0.0205814 -0.0489946 

0.784933 0.00457845 -0.0390604 
0.77499 0.011077 -0.038455 
0.618311 0.0392159 -0.0462317 

0.784933 0.00457845 -0.0390604 
0.618311 0.0392159 -0.0462317 
0.596023 0.0300238 -0.0478944 

0.77499 0.011077 -0.038455 
0.762329 0.0202761 -0.0373434 
0.641811 0.047087 -0.0444333 

0.77499 0.011077 -0.038455 
0.641811 0.047087 -0.0444333 
0.618311 0.0392159 -0.0462317 

0.762329 0.0202761 -0.0373434 
0.746956 0.026 -0.0357344 
0.662354 0.0537461 -0.0422109 

0.762329 0.0202761 -0.0373434 
0.662354 0.0537461 -0.0422109 
0.641811 0.047087 -0.0444333 

0.746956 0.026 -0.0357344 
0.725122 0.0336717 -0.033947 
0.684049 0.060531 -0.040173 

0.746956 0.026 -0.0357344 
0.684049 0.060531 -0.040173 
0.662354 0.0537461 -0.0422109 

0.725122 0.0336717 -0.033947 
0.700313 0.0393507 -0.0320538 
0.701063 0.0655154 -0.0377862 

0.725122 0.0336717 -0.033947 
0.701063 0.0655154 -0.0377862 
0.684049 0.060531 -0.040173 

0.700313 0.0393507 -0.0320538 
0.671292 0.0447195 -0.0300446 
0.714643 0.070409 -0.0352752 

0.700313 0.0393507 -0.0320538 
0.714643 0.070409 -0.0352752 
0.701063 0.0655154 -0.0377862 

0.671292 0.0447195 -0.0300446 
0.640009 0.0476378 -0.028001 
0.723392 0.0742483 -0.032288 

0.671292 0.0447195 -0.0300446 
0.723392 0.0742483 -0.032288 
0.714643 0.070409 -0.0352752 

0.640009 0.0476378 -0.028001 
0.605445 0.0486208 -0.0259229 
0.727685 0.0751875 -0.0289237 

0.640009 0.0476378 -0.028001 
0.727685 0.0751875 -0.0289237 
0.723392 0.0742483 -0.032288 

0.605445 0.0486208 -0.0259229 
0.5732 0.0475452 -0.0238955 
0.72632 0.0742666 -0.0253659 

0.605445 0.0486208 -0.0259229 
0.72632 0.0742666 -0.0253659 
0.727685 0.0751875 -0.0289237 

0.5732 0.0475452 -0.0238955 
0.540788 0.0444965 -0.0219448 
0.720667 0.0712706 -0.0218604 

0.5732 0.0475452 -0.0238955 
0.720667 0.0712706 -0.0218604 
0.72632 0.0742666 -0.0253659 

0.540788 0.0444965 -0.0219448 
0.509972 0.0397989 -0.0200861 
0.712635 0.0673194 -0.0186843 

0.540788 0.0444965 -0.0219448 
0.712635 0.0673194 -0.0186843 
0.720667 0.0712706 -0.0218604 

0.509972 0.0397989 -0.0200861 
0.481999 0.0344596 -0.0183107 
0.701968 0.0602183 -0.0159357 

0.509972 0.0397989 -0.0200861 
0.701968 0.0602183 -0.0159357 
0.712635 0.0673194 -0.0186843 

0.481999 0.0344596 -0.0183107 
0.456414 0.0287442 -0.0166021 
0.690641 0.0533297 -0.0136649 

0.481999 0.0344596 -0.0183107 
0.690641 0.0533297 -0.0136649 
0.701968 0.0602183 -0.0159357 

0.456414 0.0287442 -0.0166021 
0.433899 0.0231324 -0.0149621 
0.679138 0.0461523 -0.0117822 

0.456414 0.0287442 -0.0166021 
0.679138 0.0461523 -0.0117822 
0.690641 0.0533297 -0.0136649 

0.433899 0.0231324 -0.0149621 
0.414701 0.0179511 -0.0134066 
0.66783 0.0395409 -0.0102413 

0.433899 0.0231324 -0.0149621 
0.66783 0.0395409 -0.0102413 
0.679138 0.0461523 -0.0117822 

0.414701 0.0179511 -0.0134066 
0.398733 0.0132635 -0.0120095 
0.656923 0.0324492 -0.00898594 

0.414701 0.0179511 -0.0134066 
0.656923 0.0324492 -0.00898594 
0.66783 0.0395409 -0.0102413 

0.398733 0.0132635 -0.0120095 
0.386213 0.00917181 -0.0108424 
0.647392 0.0261582 -0.00801438 

0.398733 0.0132635 -0.0120095 
0.647392 0.0261582 -0.00801438 
0.656923 0.0324492 -0.00898594 

0.386213 0.00917181 -0.0108424 
0.377225 0.00551409 -0.00992985 
0.639798 0.0202169 -0.00727774 

0.386213 0.00917181 -0.0108424 
0.639798 0.0202169 -0.00727774 
0.647392 0.0261582 -0.00801438 

0.377225 0.00551409 -0.00992985 
0.371939 0.00218972 -0.00925688 
0.633338 0.0146202 -0.00673905 

0.377225 0.00551409 -0.00992985 
0.633338 0.0146202 -0.00673905 
0.639798 0.0202169 -0.00727774 

0.371939 0.00218972 -0.00925688 
0.370138 -0.00100853 -0.00871295 
0.628239 0.00887021 -0.0062935 

0.371939 0.00218972 -0.00925688 
0.628239 0.00887021 -0.0062935 
0.633338 0.0146202 -0.00673905 

0.370138 -0.00100853 -0.00871295 
0.37145 -0.00414438 -0.00813598 
0.624984 0.00361402 -0.00583434 

0.370138 -0.00100853 -0.00871295 
0.624984 0.00361402 -0.00583434 
0.628239 0.00887021 -0.0062935 

0.37145 -0.00414438 -0.00813598 
0.375119 -0.00712248 -0.00737001 
0.622327 -0.000993461 -0.00526806 

0.37145 -0.00414438 -0.00813598 
0.622327 -0.000993461 -0.00526806 
0.624984 0.00361402 -0.00583434 

0.375119 -0.00712248 -0.00737001 
0.380122 -0.00972119 -0.00631634 
0.619897 -0.00503494 -0.00453989 

0.375119 -0.00712248 -0.00737001 
0.619897 -0.00503494 -0.00453989 
0.622327 -0.000993461 -0.00526806 

0.380122 -0.00972119 -0.00631634 
0.385548 -0.0116597 -0.00500056 
0.617693 -0.00798544 -0.00365978 

0.380122 -0.00972119 -0.00631634 
0.617693 -0.00798544 -0.00365978 
0.619897 -0.00503494 -0.00453989 

0.385548 -0.0116597 -0.00500056 
0.390737 -0.0127572 -0.00354649 
0.615273 -0.00976 -0.00269207 

0.385548 -0.0116597 -0.00500056 
0.615273 -0.00976 -0.00269207 
0.617693 -0.00798544 -0.00365978 

0.390737 -0.0127572 -0.00354649 
0.395432 -0.013041 -0.00212496 
0.612783 -0.0105894 -0.00171218 

0.390737 -0.0127572 -0.00354649 
0.612783 -0.0105894 -0.00171218 
0.615273 -0.00976 -0.00269207 

0.395432 -0.013041 -0.00212496 
0.399672 -0.0127121 -0.000888177 
0.610214 -0.0107032 -0.000796215 

0.395432 -0.013041 -0.00212496 
0.610214 -0.0107032 -0.000796215 
0.612783 -0.0105894 -0.00171218 

0.399672 -0.0127121 -0.000888177 
0.40488 -0.01209 9.03121e-05 
0.607512 -0.0105206 -2.27896e-05 

0.399672 -0.0127121 -0.000888177 
0.607512 -0.0105206 -2.27896e-05 
0.610214 -0.0107032 -0.000796215 

1.74076e-23 9.34084e-24 -0.0682744 
1.20828e-23 4.74541e-25 -0.00171481 
0.882285 0.00600712 -0.00991519 

1.74076e-23 9.34084e-24 -0.0682744 
0.882285 0.00600712 -0.00991519 
0.888889 -1.24107e-24 -0.00485684 

1.20828e-23 4.74541e-25 -0.00171481 
1.23336e-23 3.17361e-24 -0.0112801 
0.911035 0.0312276 -0.0197994 

1.20828e-23 4.74541e-25 -0.00171481 
0.911035 0.0312276 -0.0197994 
0.882285 0.00600712 -0.00991519 

1.23336e-23 3.17361e-24 -0.0112801 
1.24592e-23 6.10819e-24 -0.022073 
0.968455 -0.0570446 -0.0258632 

1.23336e-23 3.17361e-24 -0.0112801 
0.968455 -0.0570446 -0.0258632 
0.911035 0.0312276 -0.0197994 

1.24592e-23 6.10819e-24 -0.022073 
1.23244e-23 1.30189e-23 -0.046327 
0.882331 0.0270891 -0.0465114 

1.24592e-23 6.10819e-24 -0.022073 
0.882331 0.0270891 -0.0465114 
0.968455 -0.0570446 -0.0258632 

1.23244e-23 1.30189e-23 -0.046327 
1.24551e-23 1.43479e-23 -0.0519382 
0.907662 0.0318109 -0.0508501 

1.23244e-23 1.30189e-23 -0.046327 
0.907662 0.0318109 -0.0508501 
0.882331 0.0270891 -0.0465114 

1.24551e-23 1.43479e-23 -0.0519382 
1.23287e-23 1.6273e-23 -0.058434 
0.982652 -0.0675185 -0.0624227 

1.24551e-23 1.43479e-23 -0.0519382 
0.982652 -0.0675185 -0.0624227 
0.907662 0.0318109 -0.0508501 

1.23287e-23 1.6273e-23 -0.058434 
1.21902e-23 2.00541e-23 -0.0719262 
0.888944 0.0134386 -0.0698376 

1.23287e-23 1.6273e-23 -0.058434 
0.888944 0.0134386 -0.0698376 
0.982652 -0.0675185 -0.0624227 

1.21902e-23 2.00541e-23 -0.0719262 
1.23635e-23 2.12927e-23 -0.0771874 
0.934516 0.012787 -0.0768204 

1.21902e-23 2.00541e-23 -0.0719262 
0.934516 0.012787 -0.0768204 
0.888944 0.0134386 -0.0698376 

1.23635e-23 2.12927e-23 -0.0771874 
1.23418e-23 2.31296e-23 -0.0835693 
0.975457 -0.0577691 -0.0849866 

1.23635e-23 2.12927e-23 -0.0771874 
0.975457 -0.0577691 -0.0849866 
0.934516 0.012787 -0.0768204 

1.23418e-23 2.31296e-23 -0.0835693 
1.26311e-23 2.64281e-23 -0.0956913 
0.90315 0.00154425 -0.0914108 

1.23418e-23 2.31296e-23 -0.0835693 
0.90315 0.00154425 -0.0914108 
0.975457 -0.0577691 -0.0849866 

1.26311e-23 2.64281e-23 -0.0956913 
1.3023e-23 2.8083e-23 -0.102913 
0.960911 -0.020513 -0.0997951 

1.26311e-23 2.64281e-23 -0.0956913 
0.960911 -0.020513 -0.0997951 
0.90315 0.00154425 -0.0914108 

1.3023e-23 2.8083e-23 -0.102913 
2.99911e-23 1.51178e-23 -0.112808 
0.9548 -0.0630857 -0.102807 

1.3023e-23 2.8083e-23 -0.102913 
0.9548 -0.0630857 -0.102807 
0.960911 -0.020513 -0.0997951 

2.99911e-23 1.51178e-23 -0.112808 
0.192952 -0.0185146 -0.11117 
0.935723 -0.0236495 -0.102847 

2.99911e-23 1.51178e-23 -0.112808 
0.935723 -0.0236495 -0.102847 
0.9548 -0.0630857 -0.102807 

0.192952 -0.0185146 -0.11117 
0.302701 -0.0276918 -0.109409 
0.945149 -0.0671166 -0.102158 

0.192952 -0.0185146 -0.11117 
0.945149 -0.0671166 -0.102158 
0.935723 -0.0236495 -0.102847 

0.302701 -0.0276918 -0.109409 
0.438535 -0.0543123 -0.109028 
0.939002 -0.0779722 -0.0969956 

0.302701 -0.0276918 -0.109409 
0.939002 -0.0779722 -0.0969956 
0.945149 -0.0671166 -0.102158 

0.438535 -0.0543123 -0.109028 
0.583893 -0.0816739 -0.109324 
0.922712 -0.0874078 -0.092608 

0.438535 -0.0543123 -0.109028 
0.922712 -0.0874078 -0.092608 
0.939002 -0.0779722 -0.0969956 

0.583893 -0.0816739 -0.109324 
0.721755 -0.110172 -0.10584 
0.885288 -0.115472 -0.0857102 

0.583893 -0.0816739 -0.109324 
0.885288 -0.115472 -0.0857102 
0.922712 -0.0874078 -0.092608 

0.721755 -0.110172 -0.10584 
0.815932 -0.133869 -0.106655 
0.844502 -0.133174 -0.0797877 

0.721755 -0.110172 -0.10584 
0.844502 -0.133174 -0.0797877 
0.885288 -0.115472 -0.0857102 

0.815932 -0.133869 -0.106655 
0.894049 -0.171246 -0.101781 
0.760326 -0.147595 -0.0705319 

0.815932 -0.133869 -0.106655 
0.760326 -0.147595 -0.0705319 
0.844502 -0.133174 -0.0797877 

0.894049 -0.171246 -0.101781 
0.88578 -0.200058 -0.089475 
0.667001 -0.147754 -0.0650949 

0.894049 -0.171246 -0.101781 
0.667001 -0.147754 -0.0650949 
0.760326 -0.147595 -0.0705319 

0.88578 -0.200058 -0.089475 
0.840037 -0.208477 -0.071632 
0.551759 -0.131464 -0.0591095 

0.88578 -0.200058 -0.089475 
0.551759 -0.131464 -0.0591095 
0.667001 -0.147754 -0.0650949 

0.840037 -0.208477 -0.071632 
0.755469 -0.203523 -0.0580066 
0.442282 -0.104617 -0.0569844 

0.840037 -0.208477 -0.071632 
0.442282 -0.104617 -0.0569844 
0.551759 -0.131464 -0.0591095 

0.755469 -0.203523 -0.0580066 
0.716002 -0.162618 -0.0504824 
0.341684 -0.0774912 -0.0556816 

0.755469 -0.203523 -0.0580066 
0.341684 -0.0774912 -0.0556816 
0.442282 -0.104617 -0.0569844 

0.716002 -0.162618 -0.0504824 
0.656338 -0.128596 -0.0479096 
0.26154 -0.0500628 -0.0549177 

0.716002 -0.162618 -0.0504824 
0.26154 -0.0500628 -0.0549177 
0.341684 -0.0774912 -0.0556816 

0.656338 -0.128596 -0.0479096 
0.623974 -0.0928082 -0.0487963 
0.204345 -0.026849 -0.0544228 

0.656338 -0.128596 -0.0479096 
0.204345 -0.026849 -0.0544228 
0.26154 -0.0500628 -0.0549177 

0.623974 -0.0928082 -0.0487963 
0.584789 -0.0654222 -0.0485733 
0.171485 -0.0110102 -0.0539924 

0.623974 -0.0928082 -0.0487963 
0.171485 -0.0110102 -0.0539924 
0.204345 -0.026849 -0.0544228 

0.584789 -0.0654222 -0.0485733 
0.567318 -0.0394678 -0.0499188 
0.156385 -0.00146658 -0.053686 

0.584789 -0.0654222 -0.0485733 
0.156385 -0.00146658 -0.053686 
0.171485 -0.0110102 -0.0539924 

0.567318 -0.0394678 -0.0499188 
0.552096 -0.0218774 -0.0497935 
0.148476 0.00290243 -0.0531218 

0.567318 -0.0394678 -0.0499188 
0.148476 0.00290243 -0.0531218 
0.156385 -0.00146658 -0.053686 

0.552096 -0.0218774 -0.0497935 
0.554614 -0.00374729 -0.0500976 
0.147322 0.00546942 -0.052534 

0.552096 -0.0218774 -0.0497935 
0.147322 0.00546942 -0.052534 
0.148476 0.00290243 -0.0531218 

0.554614 -0.00374729 -0.0500976 
0.560536 0.00759956 -0.0496357 
0.149344 0.00696057 -0.0517318 

0.554614 -0.00374729 -0.0500976 
0.149344 0.00696057 -0.0517318 
0.147322 0.00546942 -0.052534 

0.560536 0.00759956 -0.0496357 
0.576148 0.0205814 -0.0489946 
0.154934 0.00851925 -0.0507203 

0.560536 0.00759956 -0.0496357 
0.154934 0.00851925 -0.0507203 
0.149344 0.00696057 -0.0517318 

0.576148 0.0205814 -0.0489946 
0.596023 0.0300238 -0.0478944 
0.163515 0.010537 -0.0493355 

0.576148 0.0205814 -0.0489946 
0.163515 0.010537 -0.0493355 
0.154934 0.00851925 -0.0507203 

0.596023 0.0300238 -0.0478944 
0.618311 0.0392159 -0.0462317 
0.174719 0.0125821 -0.0475513 

0.596023 0.0300238 -0.0478944 
0.174719 0.0125821 -0.0475513 
0.163515 0.010537 -0.0493355 

0.618311 0.0392159 -0.0462317 
0.641811 0.047087 -0.0444333 
0.189312 0.0147831 -0.0454864 

0.618311 0.0392159 -0.0462317 
0.189312 0.0147831 -0.0454864 
0.174719 0.0125821 -0.0475513 

0.641811 0.047087 -0.0444333 
0.662354 0.0537461 -0.0422109 
0.207699 0.0167027 -0.043332 

0.641811 0.047087 -0.0444333 
0.207699 0.0167027 -0.043332 
0.189312 0.0147831 -0.0454864 

0.662354 0.0537461 -0.0422109 
0.684049 0.060531 -0.040173 
0.23128 0.0192747 -0.0412461 

0.662354 0.0537461 -0.0422109 
0.23128 0.0192747 -0.0412461 
0.207699 0.0167027 -0.043332 

0.684049 0.060531 -0.040173 
0.701063 0.0655154 -0.0377862 
0.260791 0.0228478 -0.0391654 

0.684049 0.060531 -0.040173 
0.260791 0.0228478 -0.0391654 
0.23128 0.0192747 -0.0412461 

0.701063 0.0655154 -0.0377862 
0.714643 0.070409 -0.0352752 
0.296539 0.0280868 -0.0368787 

0.701063 0.0655154 -0.0377862 
0.296539 0.0280868 -0.0368787 
0.260791 0.0228478 -0.0391654 

0.714643 0.070409 -0.0352752 
0.723392 0.0742483 -0.032288 
0.337621 0.0347251 -0.0339578 

0.714643 0.070409 -0.0352752 
0.337621 0.0347251 -0.0339578 
0.296539 0.0280868 -0.0368787 

0.723392 0.0742483 -0.032288 
0.727685 0.0751875 -0.0289237 
0.381694 0.0418501 -0.0302312 

0.723392 0.0742483 -0.032288 
0.381694 0.0418501 -0.0302312 
0.337621 0.0347251 -0.0339578 

0.727685 0.0751875 -0.0289237 
0.72632 0.0742666 -0.0253659 
0.425023 0.0476462 -0.0257293 

0.727685 0.0751875 -0.0289237 
0.425023 0.0476462 -0.0257293 
0.381694 0.0418501 -0.0302312 

0.72632 0.0742666 -0.0253659 
0.720667 0.0712706 -0.0218604 
0.464253 0.0512764 -0.0209893 

0.72632 0.0742666 -0.0253659 
0.464253 0.0512764 -0.0209893 
0.425023 0.0476462 -0.0257293 

0.720667 0.0712706 -0.0218604 
0.712635 0.0673194 -0.0186843 
0.497186 0.0515971 -0.0164558 

0.720667 0.0712706 -0.0218604 
0.497186 0.0515971 -0.0164558 
0.464253 0.0512764 -0.0209893 

0.712635 0.0673194 -0.0186843 
0.701968 0.0602183 -0.0159357 
0.524069 0.0495854 -0.0126118 

0.712635 0.0673194 -0.0186843 
0.524069 0.0495854 -0.0126118 
0.497186 0.0515971 -0.0164558 

0.701968 0.0602183 -0.0159357 
0.690641 0.0533297 -0.0136649 
0.54507 0.0454963 -0.00951699 

0.701968 0.0602183 -0.0159357 
0.54507 0.0454963 -0.00951699 
0.524069 0.0495854 -0.0126118 

0.690641 0.0533297 -0.0136649 
0.679138 0.0461523 -0.0117822 
0.561797 0.0408059 -0.00719572 

0.690641 0.0533297 -0.0136649 
0.561797 0.0408059 -0.00719572 
0.54507 0.0454963 -0.00951699 

0.679138 0.0461523 -0.0117822 
0.66783 0.0395409 -0.0102413 
0.574652 0.0353654 -0.00547207 

0.679138 0.0461523 -0.0117822 
0.574652 0.0353654 -0.00547207 
0.561797 0.0408059 -0.00719572 

0.66783 0.0395409 -0.0102413 
0.656923 0.0324492 -0.00898594 
0.584021 0.0300525 -0.00424318 

0.66783 0.0395409 -0.0102413 
0.584021 0.0300525 -0.00424318 
0.574652 0.0353654 -0.00547207 

0.656923 0.0324492 -0.00898594 
0.647392 0.0261582 -0.00801438 
0.590339 0.0247307 -0.00338441 

0.656923 0.0324492 -0.00898594 
0.590339 0.0247307 -0.00338441 
0.584021 0.0300525 -0.00424318 

0.647392 0.0261582 -0.00801438 
0.639798 0.0202169 -0.00727774 
0.593999 0.0195936 -0.0028103 

0.647392 0.0261582 -0.00801438 
0.593999 0.0195936 -0.0028103 
0.590339 0.0247307 -0.00338441 

0.639798 0.0202169 -0.00727774 
0.633338 0.0146202 -0.00673905 
0.595814 0.0144791 -0.00246082 

0.639798 0.0202169 -0.00727774 
0.595814 0.0144791 -0.00246082 
0.593999 0.0195936 -0.0028103 

0.633338 0.0146202 -0.00673905 
0.628239 0.00887021 -0.0062935 
0.595743 0.00935632 -0.00226491 

0.633338 0.0146202 -0.00673905 
0.595743 0.00935632 -0.00226491 
0.595814 0.0144791 -0.00246082 

0.628239 0.00887021 -0.0062935 
0.624984 0.00361402 -0.00583434 
0.593329 0.0046849 -0.00217024 

0.628239 0.00887021 -0.0062935 
0.593329 0.0046849 -0.00217024 
0.595743 0.00935632 -0.00226491 

0.624984 0.00361402 -0.00583434 
0.622327 -0.000993461 -0.00526806 
0.58964 0.000636273 -0.00211957 

0.624984 0.00361402 -0.00583434 
0.58964 0.000636273 -0.00211957 
0.593329 0.0046849 -0.00217024 

0.622327 -0.000993461 -0.00526806 
0.619897 -0.00503494 -0.00453989 
0.584821 -0.0028674 -0.00204398 

0.622327 -0.000993461 -0.00526806 
0.584821 -0.0028674 -0.00204398 
0.58964 0.000636273 -0.00211957 

0.619897 -0.00503494 -0.00453989 
0.617693 -0.00798544 -0.00365978 
0.578876 -0.00523135 -0.00190801 

0.619897 -0.00503494 -0.00453989 
0.578876 -0.00523135 -0.00190801 
0.584821 -0.0028674 -0.00204398 

0.617693 -0.00798544 -0.00365978 
0.615273 -0.00976 -0.00269207 
0.572544 -0.00662042 -0.0016556 

0.617693 -0.00798544 -0.00365978 
0.572544 -0.00662042 -0.0016556 
0.578876 -0.00523135 -0.00190801 

0.615273 -0.00976 -0.00269207 
0.612783 -0.0105894 -0.00171218 
0.565977 -0.00714122 -0.00125685 

0.615273 -0.00976 -0.00269207 
0.565977 -0.00714122 -0.00125685 
0.572544 -0.00662042 -0.0016556 

0.612783 -0.0105894 -0.00171218 
0.610214 -0.0107032 -0.000796215 
0.559499 -0.00705497 -0.00071658 

0.612783 -0.0105894 -0.00171218 
0.559499 -0.00705497 -0.00071658 
0.565977 -0.00714122 -0.00125685 

0.610214 -0.0107032 -0.000796215 
0.607512 -0.0105206 -2.27896e-05 
0.55272 -0.00681487 -3.31885e-05 

0.610214 -0.0107032 -0.000796215 
0.55272 -0.00681487 -3.31885e-05 
0.559499 -0.00705497 -0.00071658 

0.888889 -1.24107e-24 -0.00485684 
0.882285 0.00600712 -0.00991519 
0.706484 -0.0129092 -0.0281864 

0.888889 -1.24107e-24 -0.00485684 
0.706484 -0.0129092 -0.0281864 
0.888889 -1.90515e-24 0.105577 

0.882285 0.00600712 -0.00991519 
0.911035 0.0312276 -0.0197994 
0.835707 0.0257726 -0.0312842 

0.882285 0.00600712 -0.00991519 
0.835707 0.0257726 -0.0312842 
0.706484 -0.0129092 -0.0281864 

0.911035 0.0312276 -0.0197994 
0.968455 -0.0570446 -0.0258632 
0.650033 -0.0889589 -0.03546 

0.911035 0.0312276 -0.0197994 
0.650033 -0.0889589 -0.03546 
0.835707 0.0257726 -0.0312842 

0.968455 -0.0570446 -0.0258632 
0.882331 0.0270891 -0.0465114 
0.88918 0.0749092 -0.0570653 

0.968455 -0.0570446 -0.0258632 
0.88918 0.0749092 -0.0570653 
0.650033 -0.0889589 -0.03546 

0.882331 0.0270891 -0.0465114 
0.907662 0.0318109 -0.0508501 
0.824637 -0.00651096 -0.0455833 

0.882331 0.0270891 -0.0465114 
0.824637 -0.00651096 -0.0455833 
0.88918 0.0749092 -0.0570653 

0.907662 0.0318109 -0.0508501 
0.982652 -0.0675185 -0.0624227 
0.784615 -0.0122176 -0.0687807 

0.907662 0.0318109 -0.0508501 
0.784615 -0.0122176 -0.0687807 
0.824637 -0.00651096 -0.0455833 

0.982652 -0.0675185 -0.0624227 
0.888944 0.0134386 -0.0698376 
0.925536 0.0748508 -0.0658653 

0.982652 -0.0675185 -0.0624227 
0.925536 0.0748508 -0.0658653 
0.784615 -0.0122176 -0.0687807 

0.888944 0.0134386 -0.0698376 
0.934516 0.012787 -0.0768204 
0.771586 -0.0424183 -0.0720459 

0.888944 0.0134386 -0.0698376 
0.771586 -0.0424183 -0.0720459 
0.925536 0.0748508 -0.0658653 

0.934516 0.012787 -0.0768204 
0.975457 -0.0577691 -0.0849866 
0.86746 0.027882 -0.0864289 

0.934516 0.012787 -0.0768204 
0.86746 0.027882 -0.0864289 
0.771586 -0.0424183 -0.0720459 

0.975457 -0.0577691 -0.0849866 
0.90315 0.00154425 -0.0914108 
0.864972 0.00863302 -0.0825934 

0.975457 -0.0577691 -0.0849866 
0.864972 0.00863302 -0.0825934 
0.86746 0.027882 -0.0864289 

0.90315 0.00154425 -0.0914108 
0.960911 -0.020513 -0.0997951 
0.782914 -0.0302106 -0.0921018 

0.90315 0.00154425 -0.0914108 
0.782914 -0.0302106 -0.0921018 
0.864972 0.00863302 -0.0825934 

0.960911 -0.020513 -0.0997951 
0.9548 -0.0630857 -0.102807 
0.846973 0.0090748 -0.0922842 

0.960911 -0.020513 -0.0997951 
0.846973 0.0090748 -0.0922842 
0.782914 -0.0302106 -0.0921018 

0.9548 -0.0630857 -0.102807 
0.935723 -0.0236495 -0.102847 
0.720272 -0.0449712 -0.091027 

0.9548 -0.0630857 -0.102807 
0.720272 -0.0449712 -0.091027 
0.846973 0.0090748 -0.0922842 

0.935723 -0.0236495 -0.102847 
0.945149 -0.0671166 -0.102158 
0.756886 -0.0204684 -0.0894251 

0.935723 -0.0236495 -0.102847 
0.756886 -0.0204684 -0.0894251 
0.720272 -0.0449712 -0.091027 

0.945149 -0.0671166 -0.102158 
0.939002 -0.0779722 -0.0969956 
0.639853 -0.04954 -0.0827892 

0.945149 -0.0671166 -0.102158 
0.639853 -0.04954 -0.0827892 
0.756886 -0.0204684 -0.0894251 

0.939002 -0.0779722 -0.0969956 
0.922712 -0.0874078 -0.092608 
0.608912 -0.0423981 -0.0797963 

0.939002 -0.0779722 -0.0969956 
0.608912 -0.0423981 -0.0797963 
0.639853 -0.04954 -0.0827892 

0.922712 -0.0874078 -0.092608 
0.885288 -0.115472 -0.0857102 
0.486555 -0.0560927 -0.0720236 

0.922712 -0.0874078 -0.092608 
0.486555 -0.0560927 -0.0720236 
0.608912 -0.0423981 -0.0797963 

0.885288 -0.115472 -0.0857102 
0.844502 -0.133174 -0.0797877 
0.398255 -0.0554561 -0.0680343 

0.885288 -0.115472 -0.0857102 
0.398255 -0.0554561 -0.0680343 
0.486555 -0.0560927 -0.0720236 

0.844502 -0.133174 -0.0797877 
0.760326 -0.147595 -0.0705319 
0.296234 -0.0543578 -0.0630965 

0.844502 -0.133174 -0.0797877 
0.296234 -0.0543578 -0.0630965 
0.398255 -0.0554561 -0.0680343 

0.760326 -0.147595 -0.0705319 
0.667001 -0.147754 -0.0650949 
0.201801 -0.0484622 -0.0602399 

0.760326 -0.147595 -0.0705319 
0.201801 -0.0484622 -0.0602399 
0.296234 -0.0543578 -0.0630965 

0.667001 -0.147754 -0.0650949 
0.551759 -0.131464 -0.0591095 
0.120653 -0.0391823 -0.0578668 

0.667001 -0.147754 -0.0650949 
0.120653 -0.0391823 -0.0578668 
0.201801 -0.0484622 -0.0602399 

0.551759 -0.131464 -0.0591095 
0.442282 -0.104617 -0.0569844 
0.0682961 -0.0267442 -0.0567983 

0.551759 -0.131464 -0.0591095 
0.0682961 -0.0267442 -0.0567983 
0.120653 -0.0391823 -0.0578668 

0.442282 -0.104617 -0.0569844 
0.341684 -0.0774912 -0.0556816 
0.0357878 -0.0161386 -0.0559978 

0.442282 -0.104617 -0.0569844 
0.0357878 -0.0161386 -0.0559978 
0.0682961 -0.0267442 -0.0567983 

0.341684 -0.0774912 -0.0556816 
0.26154 -0.0500628 -0.0549177 
0.0153035 -0.00744951 -0.0551946 

0.341684 -0.0774912 -0.0556816 
0.0153035 -0.00744951 -0.0551946 
0.0357878 -0.0161386 -0.0559978 

0.26154 -0.0500628 -0.0549177 
0.204345 -0.026849 -0.0544228 
-0.00293048 -0.00451576 -0.0543816 

0.26154 -0.0500628 -0.0549177 
-0.00293048 -0.00451576 -0.0543816 
0.0153035 -0.00744951 -0.0551946 

0.204345 -0.026849 -0.0544228 
0.171485 -0.0110102 -0.0539924 
-0.0172601 -0.00567235 -0.0537819 

0.204345 -0.026849 -0.0544228 
-0.0172601 -0.00567235 -0.0537819 
-0.00293048 -0.00451576 -0.0543816 

0.171485 -0.0110102 -0.0539924 
0.156385 -0.00146658 -0.053686 
-0.0283416 -0.00714866 -0.0533147 

0.171485 -0.0110102 -0.0539924 
-0.0283416 -0.00714866 -0.0533147 
-0.0172601 -0.00567235 -0.0537819 

0.156385 -0.00146658 -0.053686 
0.148476 0.00290243 -0.0531218 
-0.0375688 -0.00669808 -0.0528296 

0.156385 -0.00146658 -0.053686 
-0.0375688 -0.00669808 -0.0528296 
-0.0283416 -0.00714866 -0.0533147 

0.148476 0.00290243 -0.0531218 
0.147322 0.00546942 -0.052534 
-0.0449835 -0.00618242 -0.0522274 

0.148476 0.00290243 -0.0531218 
-0.0449835 -0.00618242 -0.0522274 
-0.0375688 -0.00669808 -0.0528296 

0.147322 0.00546942 -0.052534 
0.149344 0.00696057 -0.0517318 
-0.0497351 -0.00483297 -0.0514549 

0.147322 0.00546942 -0.052534 
-0.0497351 -0.00483297 -0.0514549 
-0.0449835 -0.00618242 -0.0522274 

0.149344 0.00696057 -0.0517318 
0.154934 0.00851925 -0.0507203 
-0.0521295 -0.00349087 -0.0504262 

0.149344 0.00696057 -0.0517318 
-0.0521295 -0.00349087 -0.0504262 
-0.0497351 -0.00483297 -0.0514549 

0.154934 0.00851925 -0.0507203 
0.163515 0.010537 -0.0493355 
-0.0520813 -0.00194843 -0.0490665 

0.154934 0.00851925 -0.0507203 
-0.0520813 -0.00194843 -0.0490665 
-0.0521295 -0.00349087 -0.0504262 

0.163515 0.010537 -0.0493355 
0.174719 0.0125821 -0.0475513 
-0.0498157 -0.000622489 -0.0473549 

0.163515 0.010537 -0.0493355 
-0.0498157 -0.000622489 -0.0473549 
-0.0520813 -0.00194843 -0.0490665 

0.174719 0.0125821 -0.0475513 
0.189312 0.0147831 -0.0454864 
-0.0456434 0.00032208 -0.0453869 

0.174719 0.0125821 -0.0475513 
-0.0456434 0.00032208 -0.0453869 
-0.0498157 -0.000622489 -0.0473549 

0.189312 0.0147831 -0.0454864 
0.207699 0.0167027 -0.043332 
-0.0397242 0.00100049 -0.0433136 

0.189312 0.0147831 -0.0454864 
-0.0397242 0.00100049 -0.0433136 
-0.0456434 0.00032208 -0.0453869 

0.207699 0.0167027 -0.043332 
0.23128 0.0192747 -0.0412461 
-0.0322007 0.00168083 -0.0412429 

0.207699 0.0167027 -0.043332 
-0.0322007 0.00168083 -0.0412429 
-0.0397242 0.00100049 -0.0433136 

0.23128 0.0192747 -0.0412461 
0.260791 0.0228478 -0.0391654 
-0.0223619 0.00305879 -0.0391473 

0.23128 0.0192747 -0.0412461 
-0.0223619 0.00305879 -0.0391473 
-0.0322007 0.00168083 -0.0412429 

0.260791 0.0228478 -0.0391654 
0.296539 0.0280868 -0.0368787 
-0.00933926 0.00544396 -0.0368126 

0.260791 0.0228478 -0.0391654 
-0.00933926 0.00544396 -0.0368126 
-0.0223619 0.00305879 -0.0391473 

0.296539 0.0280868 -0.0368787 
0.337621 0.0347251 -0.0339578 
0.00784033 0.00899619 -0.0339152 

0.296539 0.0280868 -0.0368787 
0.00784033 0.00899619 -0.0339152 
-0.00933926 0.00544396 -0.0368126 

0.337621 0.0347251 -0.0339578 
0.381694 0.0418501 -0.0302312 
0.0291933 0.012962 -0.0301791 

0.337621 0.0347251 -0.0339578 
0.0291933 0.012962 -0.0301791 
0.00784033 0.00899619 -0.0339152 

0.381694 0.0418501 -0.0302312 
0.425023 0.0476462 -0.0257293 
0.0540291 0.0164908 -0.0256439 

0.381694 0.0418501 -0.0302312 
0.0540291 0.0164908 -0.0256439 
0.0291933 0.012962 -0.0301791 

0.425023 0.0476462 -0.0257293 
0.464253 0.0512764 -0.0209893 
0.0819689 0.0190342 -0.0206574 

0.425023 0.0476462 -0.0257293 
0.0819689 0.0190342 -0.0206574 
0.0540291 0.0164908 -0.0256439 

0.464253 0.0512764 -0.0209893 
0.497186 0.0515971 -0.0164558 
0.111218 0.019957 -0.0157833 

0.464253 0.0512764 -0.0209893 
0.111218 0.019957 -0.0157833 
0.0819689 0.0190342 -0.0206574 

0.497186 0.0515971 -0.0164558 
0.524069 0.0495854 -0.0126118 
0.140906 0.0196109 -0.0115026 

0.497186 0.0515971 -0.0164558 
0.140906 0.0196109 -0.0115026 
0.111218 0.019957 -0.0157833 

0.524069 0.0495854 -0.0126118 
0.54507 0.0454963 -0.00951699 
0.169236 0.0182745 -0.00803554 

0.524069 0.0495854 -0.0126118 
0.169236 0.0182745 -0.00803554 
0.140906 0.0196109 -0.0115026 

0.54507 0.0454963 -0.00951699 
0.561797 0.0408059 -0.00719572 
0.195285 0.0163686 -0.00541371 

0.54507 0.0454963 -0.00951699 
0.195285 0.0163686 -0.00541371 
0.169236 0.0182745 -0.00803554 

0.561797 0.0408059 -0.00719572 
0.574652 0.0353654 -0.00547207 
0.218491 0.0141833 -0.00352251 

0.561797 0.0408059 -0.00719572 
0.218491 0.0141833 -0.00352251 
0.195285 0.0163686 -0.00541371 

0.574652 0.0353654 -0.00547207 
0.584021 0.0300525 -0.00424318 
0.238469 0.0118166 -0.00220992 

0.574652 0.0353654 -0.00547207 
0.238469 0.0118166 -0.00220992 
0.218491 0.0141833 -0.00352251 

0.584021 0.0300525 -0.00424318 
0.590339 0.0247307 -0.00338441 
0.255073 0.00932554 -0.00133992 

0.584021 0.0300525 -0.00424318 
0.255073 0.00932554 -0.00133992 
0.238469 0.0118166 -0.00220992 

0.590339 0.0247307 -0.00338441 
0.593999 0.0195936 -0.0028103 
0.268227 0.00666579 -0.000808295 

0.590339 0.0247307 -0.00338441 
0.268227 0.00666579 -0.000808295 
0.255073 0.00932554 -0.00133992 

0.593999 0.0195936 -0.0028103 
0.595814 0.0144791 -0.00246082 
0.278071 0.00391956 -0.000542954 

0.593999 0.0195936 -0.0028103 
0.278071 0.00391956 -0.000542954 
0.268227 0.00666579 -0.000808295 

0.595814 0.0144791 -0.00246082 
0.595743 0.00935632 -0.00226491 
0.284833 0.00119457 -0.000484489 

0.595814 0.0144791 -0.00246082 
0.284833 0.00119457 -0.000484489 
0.278071 0.00391956 -0.000542954 

0.595743 0.00935632 -0.00226491 
0.593329 0.0046849 -0.00217024 
0.288855 -0.00132591 -0.000586755 

0.595743 0.00935632 -0.00226491 
0.288855 -0.00132591 -0.000586755 
0.284833 0.00119457 -0.000484489 

0.593329 0.0046849 -0.00217024 
0.58964 0.000636273 -0.00211957 
0.290453 -0.00338796 -0.000787477 

0.593329 0.0046849 -0.00217024 
0.290453 -0.00338796 -0.000787477 
0.288855 -0.00132591 -0.000586755 

0.58964 0.000636273 -0.00211957 
0.584821 -0.0028674 -0.00204398 
0.290211 -0.00478885 -0.00102209 

0.58964 0.000636273 -0.00211957 
0.290211 -0.00478885 -0.00102209 
0.290453 -0.00338796 -0.000787477 

0.584821 -0.0028674 -0.00204398 
0.578876 -0.00523135 -0.00190801 
0.288715 -0.00544045 -0.00121059 

0.584821 -0.0028674 -0.00204398 
0.288715 -0.00544045 -0.00121059 
0.290211 -0.00478885 -0.00102209 

0.578876 -0.00523135 -0.00190801 
0.572544 -0.00662042 -0.0016556 
0.286473 -0.0053325 -0.00126369 

0.578876 -0.00523135 -0.00190801 
0.286473 -0.0053325 -0.00126369 
0.288715 -0.00544045 -0.00121059 

0.572544 -0.00662042 -0.0016556 
0.565977 -0.00714122 -0.00125685 
0.283931 -0.00464072 -0.00110744 

0.572544 -0.00662042 -0.0016556 
0.283931 -0.00464072 -0.00110744 
0.286473 -0.0053325 -0.00126369 

0.565977 -0.00714122 -0.00125685 
0.559499 -0.00705497 -0.00071658 
0.281261 -0.00365737 -0.000692931 

0.565977 -0.00714122 -0.00125685 
0.281261 -0.00365737 -0.000692931 
0.283931 -0.00464072 -0.00110744 

0.559499 -0.00705497 -0.00071658 
0.55272 -0.00681487 -3.31885e-05 
0.277876 -0.00285837 -1.72556e-05 

0.559499 -0.00705497 -0.00071658 
0.277876 -0.00285837 -1.72556e-05 
0.281261 -0.00365737 -0.000692931 

0.888889 -1.90515e-24 0.105577 
0.706484 -0.0129092 -0.0281864 
1.03867e-23 -5.97161e-24 -0.0189732 

0.888889 -1.90515e-24 0.105577 
1.03867e-23 -5.97161e-24 -0.0189732 
-3.88186e-24 7.96497e-24 0.0552905 

0.706484 -0.0129092 -0.0281864 
0.835707 0.0257726 -0.0312842 
1.06874e-23 -8.94413e-24 -0.0328957 

0.706484 -0.0129092 -0.0281864 
1.06874e-23 -8.94413e-24 -0.0328957 
1.03867e-23 -5.97161e-24 -0.0189732 

0.835707 0.0257726 -0.0312842 
0.650033 -0.0889589 -0.03546 
1.06679e-23 -1.0011e-23 -0.0361316 

0.835707 0.0257726 -0.0312842 
1.06679e-23 -1.0011e-23 -0.0361316 
1.06874e-23 -8.94413e-24 -0.0328957 

0.650033 -0.0889589 -0.03546 
0.88918 0.0749092 -0.0570653 
9.89704e-24 -1.37802e-23 -0.0482314 

0.650033 -0.0889589 -0.03546 
9.89704e-24 -1.37802e-23 -0.0482314 
1.06679e-23 -1.0011e-23 -0.0361316 

0.88918 0.0749092 -0.0570653 
0.824637 -0.00651096 -0.0455833 
1.08091e-23 -1.48694e-23 -0.0545671 

0.88918 0.0749092 -0.0570653 
1.08091e-23 -1.48694e-23 -0.0545671 
9.89704e-24 -1.37802e-23 -0.0482314 

0.824637 -0.00651096 -0.0455833 
0.784615 -0.0122176 -0.0687807 
1.02048e-23 -1.83218e-23 -0.0653049 

0.824637 -0.00651096 -0.0455833 
1.02048e-23 -1.83218e-23 -0.0653049 
1.08091e-23 -1.48694e-23 -0.0545671 

0.784615 -0.0122176 -0.0687807 
0.925536 0.0748508 -0.0658653 
1.04599e-23 -1.70396e-23 -0.0613965 

0.784615 -0.0122176 -0.0687807 
1.04599e-23 -1.70396e-23 -0.0613965 
1.02048e-23 -1.83218e-23 -0.0653049 

0.925536 0.0748508 -0.0658653 
0.771586 -0.0424183 -0.0720459 
1.06263e-23 -2.09887e-23 -0.0760507 

0.925536 0.0748508 -0.0658653 
1.06263e-23 -2.09887e-23 -0.0760507 
1.04599e-23 -1.70396e-23 -0.0613965 

0.771586 -0.0424183 -0.0720459 
0.86746 0.027882 -0.0864289 
1.00942e-23 -2.30679e-23 -0.0823348 

0.771586 -0.0424183 -0.0720459 
1.00942e-23 -2.30679e-23 -0.0823348 
1.06263e-23 -2.09887e-23 -0.0760507 

0.86746 0.027882 -0.0864289 
0.864972 0.00863302 -0.0825934 
1.03751e-23 -2.22663e-23 -0.0801858 

0.86746 0.027882 -0.0864289 
1.03751e-23 -2.22663e-23 -0.0801858 
1.00942e-23 -2.30679e-23 -0.0823348 

0.864972 0.00863302 -0.0825934 
0.782914 -0.0302106 -0.0921018 
9.8595e-24 -2.59735e-23 -0.0929331 

0.864972 0.00863302 -0.0825934 
9.8595e-24 -2.59735e-23 -0.0929331 
1.03751e-23 -2.22663e-23 -0.0801858 

0.782914 -0.0302106 -0.0921018 
0.846973 0.0090748 -0.0922842 
9.49315e-24 -2.49982e-23 -0.0893075 

0.782914 -0.0302106 -0.0921018 
9.49315e-24 -2.49982e-23 -0.0893075 
9.8595e-24 -2.59735e-23 -0.0929331 

0.846973 0.0090748 -0.0922842 
0.720272 -0.0449712 -0.091027 
9.00781e-24 -2.48859e-23 -0.0887056 

0.846973 0.0090748 -0.0922842 
9.00781e-24 -2.48859e-23 -0.0887056 
9.49315e-24 -2.49982e-23 -0.0893075 

0.720272 -0.0449712 -0.091027 
0.756886 -0.0204684 -0.0894251 
8.15626e-24 -2.52491e-23 -0.0897361 

0.720272 -0.0449712 -0.091027 
8.15626e-24 -2.52491e-23 -0.0897361 
9.00781e-24 -2.48859e-23 -0.0887056 

0.756886 -0.0204684 -0.0894251 
0.639853 -0.04954 -0.0827892 
7.50772e-24 -2.26948e-23 -0.0804767 

0.756886 -0.0204684 -0.0894251 
7.50772e-24 -2.26948e-23 -0.0804767 
8.15626e-24 -2.52491e-23 -0.0897361 

0.639853 -0.04954 -0.0827892 
0.608912 -0.0423981 -0.0797963 
6.40644e-24 -2.2499e-23 -0.0794816 

0.639853 -0.04954 -0.0827892 
6.40644e-24 -2.2499e-23 -0.0794816 
7.50772e-24 -2.26948e-23 -0.0804767 

0.608912 -0.0423981 -0.0797963 
0.486555 -0.0560927 -0.0720236 
5.43456e-24 -2.03259e-23 -0.0717656 

0.608912 -0.0423981 -0.0797963 
5.43456e-24 -2.03259e-23 -0.0717656 
6.40644e-24 -2.2499e-23 -0.0794816 

0.486555 -0.0560927 -0.0720236 
0.398255 -0.0554561 -0.0680343 
4.30184e-24 -1.9207e-23 -0.0676331 

0.486555 -0.0560927 -0.0720236 
4.30184e-24 -1.9207e-23 -0.0676331 
5.43456e-24 -2.03259e-23 -0.0717656 

0.398255 -0.0554561 -0.0680343 
0.296234 -0.0543578 -0.0630965 
3.21295e-24 -1.79993e-23 -0.0634287 

0.398255 -0.0554561 -0.0680343 
3.21295e-24 -1.79993e-23 -0.0634287 
4.30184e-24 -1.9207e-23 -0.0676331 

0.296234 -0.0543578 -0.0630965 
0.201801 -0.0484622 -0.0602399 
2.24095e-24 -1.71385e-23 -0.0605269 

0.296234 -0.0543578 -0.0630965 
2.24095e-24 -1.71385e-23 -0.0605269 
3.21295e-24 -1.79993e-23 -0.0634287 

0.201801 -0.0484622 -0.0602399 
0.120653 -0.0391823 -0.0578668 
1.39054e-24 -1.64354e-23 -0.0581996 

0.201801 -0.0484622 -0.0602399 
1.39054e-24 -1.64354e-23 -0.0581996 
2.24095e-24 -1.71385e-23 -0.0605269 

0.120653 -0.0391823 -0.0578668 
0.0682961 -0.0267442 -0.0567983 
7.30169e-25 -1.60654e-23 -0.0571077 

0.120653 -0.0391823 -0.0578668 
7.30169e-25 -1.60654e-23 -0.0571077 
1.39054e-24 -1.64354e-23 -0.0581996 

0.0682961 -0.0267442 -0.0567983 
0.0357878 -0.0161386 -0.0559978 
2.73429e-25 -1.57368e-23 -0.0561416 

0.0682961 -0.0267442 -0.0567983 
2.73429e-25 -1.57368e-23 -0.0561416 
7.30169e-25 -1.60654e-23 -0.0571077 

0.0357878 -0.0161386 -0.0559978 
0.0153035 -0.00744951 -0.0551946 
-8.89949e-27 -1.54362e-23 -0.0552755 

0.0357878 -0.0161386 -0.0559978 
-8.89949e-27 -1.54362e-23 -0.0552755 
2.73429e-25 -1.57368e-23 -0.0561416 

0.0153035 -0.00744951 -0.0551946 
-0.00293048 -0.00451576 -0.0543816 
-1.76395e-25 -1.51639e-23 -0.0544454 

0.0153035 -0.00744951 -0.0551946 
-1.76395e-25 -1.51639e-23 -0.0544454 
-8.89949e-27 -1.54362e-23 -0.0552755 

-0.00293048 -0.00451576 -0.0543816 
-0.0172601 -0.00567235 -0.0537819 
-3.09667e-25 -1.50014e-23 -0.0538856 

-0.00293048 -0.00451576 -0.0543816 
-3.09667e-25 -1.50014e-23 -0.0538856 
-1.76395e-25 -1.51639e-23 -0.0544454 

-0.0172601 -0.00567235 -0.0537819 
-0.0283416 -0.00714866 -0.0533147 
-4.38403e-25 -1.48834e-23 -0.0534182 

-0.0172601 -0.00567235 -0.0537819 
-4.38403e-25 -1.48834e-23 -0.0534182 
-3.09667e-25 -1.50014e-23 -0.0538856 

-0.0283416 -0.00714866 -0.0533147 
-0.0375688 -0.00669808 -0.0528296 
-5.74331e-25 -1.4751e-23 -0.0529043 

-0.0283416 -0.00714866 -0.0533147 
-5.74331e-25 -1.4751e-23 -0.0529043 
-4.38403e-25 -1.48834e-23 -0.0534182 

-0.0375688 -0.00669808 -0.0528296 
-0.0449835 -0.00618242 -0.0522274 
-7.07739e-25 -1.45747e-23 -0.0522695 

-0.0375688 -0.00669808 -0.0528296 
-7.07739e-25 -1.45747e-23 -0.0522695 
-5.74331e-25 -1.4751e-23 -0.0529043 

-0.0449835 -0.00618242 -0.0522274 
-0.0497351 -0.00483297 -0.0514549 
-8.26449e-25 -1.43445e-23 -0.0514575 

-0.0449835 -0.00618242 -0.0522274 
-8.26449e-25 -1.43445e-23 -0.0514575 
-7.07739e-25 -1.45747e-23 -0.0522695 

-0.0497351 -0.00483297 -0.0514549 
-0.0521295 -0.00349087 -0.0504262 
-9.18346e-25 -1.40356e-23 -0.0503822 

-0.0497351 -0.00483297 -0.0514549 
-9.18346e-25 -1.40356e-23 -0.0503822 
-8.26449e-25 -1.43445e-23 -0.0514575 

-0.0521295 -0.00349087 -0.0504262 
-0.0520813 -0.00194843 -0.0490665 
-9.79118e-25 -1.36377e-23 -0.0489952 

-0.0521295 -0.00349087 -0.0504262 
-9.79118e-25 -1.36377e-23 -0.0489952 
-9.18346e-25 -1.40356e-23 -0.0503822 

-0.0520813 -0.00194843 -0.0490665 
-0.0498157 -0.000622489 -0.0473549 
-1.00606e-24 -1.31527e-23 -0.0472975 

-0.0520813 -0.00194843 -0.0490665 
-1.00606e-24 -1.31527e-23 -0.0472975 
-9.79118e-25 -1.36377e-23 -0.0489952 

-0.0498157 -0.000622489 -0.0473549 
-0.0456434 0.00032208 -0.0453869 
-1.00455e-24 -1.26088e-23 -0.0453763 

-0.0498157 -0.000622489 -0.0473549 
-1.00455e-24 -1.26088e-23 -0.0453763 
-1.00606e-24 -1.31527e-23 -0.0472975 

-0.0456434 0.00032208 -0.0453869 
-0.0397242 0.00100049 -0.0433136 
-9.85067e-25 -1.20399e-23 -0.0433447 

-0.0456434 0.00032208 -0.0453869 
-9.85067e-25 -1.20399e-23 -0.0433447 
-1.00455e-24 -1.26088e-23 -0.0453763 

-0.0397242 0.00100049 -0.0433136 
-0.0322007 0.00168083 -0.0412429 
-9.58279e-25 -1.14638e-23 -0.0412698 

-0.0397242 0.00100049 -0.0433136 
-9.58279e-25 -1.14638e-23 -0.0412698 
-9.85067e-25 -1.20399e-23 -0.0433447 

-0.0322007 0.00168083 -0.0412429 
-0.0223619 0.00305879 -0.0391473 
-9.27407e-25 -1.086e-23 -0.0390931 

-0.0322007 0.00168083 -0.0412429 
-9.27407e-25 -1.086e-23 -0.0390931 
-9.58279e-25 -1.14638e-23 -0.0412698 

-0.0223619 0.00305879 -0.0391473 
-0.00933926 0.00544396 -0.0368126 
-8.81394e-25 -1.01638e-23 -0.0366064 

-0.0223619 0.00305879 -0.0391473 
-8.81394e-25 -1.01638e-23 -0.0366064 
-9.27407e-25 -1.086e-23 -0.0390931 

-0.00933926 0.00544396 -0.0368126 
0.00784033 0.00899619 -0.0339152 
-7.97895e-25 -9.29353e-24 -0.0335356 

-0.00933926 0.00544396 -0.0368126 
-7.97895e-25 -9.29353e-24 -0.0335356 
-8.81394e-25 -1.01638e-23 -0.0366064 

0.00784033 0.00899619 -0.0339152 
0.0291933 0.012962 -0.0301791 
-6.49334e-25 -8.1913e-24 -0.0296766 

0.00784033 0.00899619 -0.0339152 
-6.49334e-25 -8.1913e-24 -0.0296766 
-7.97895e-25 -9.29353e-24 -0.0335356 

0.0291933 0.012962 -0.0301791 
0.0540291 0.0164908 -0.0256439 
-4.21499e-25 -6.88772e-24 -0.0251165 

0.0291933 0.012962 -0.0301791 
-4.21499e-25 -6.88772e-24 -0.0251165 
-6.49334e-25 -8.1913e-24 -0.0296766 

0.0540291 0.0164908 -0.0256439 
0.0819689 0.0190342 -0.0206574 
-1.13533e-25 -5.48323e-24 -0.02019 

0.0540291 0.0164908 -0.0256439 
-1.13533e-25 -5.48323e-24 -0.02019 
-4.21499e-25 -6.88772e-24 -0.0251165 

0.0819689 0.0190342 -0.0206574 
0.111218 0.019957 -0.0157833 
2.57901e-25 -4.12949e-24 -0.0154129 

0.0819689 0.0190342 -0.0206574 
2.57901e-25 -4.12949e-24 -0.0154129 
-1.13533e-25 -5.48323e-24 -0.02019 

0.111218 0.019957 -0.0157833 
0.140906 0.0196109 -0.0115026 
6.65765e-25 -2.9481e-24 -0.0112103 

0.111218 0.019957 -0.0157833 
6.65765e-25 -2.9481e-24 -0.0112103 
2.57901e-25 -4.12949e-24 -0.0154129 

0.140906 0.0196109 -0.0115026 
0.169236 0.0182745 -0.00803554 
1.08299e-24 -1.99415e-24 -0.0077831 

0.140906 0.0196109 -0.0115026 
1.08299e-24 -1.99415e-24 -0.0077831 
6.65765e-25 -2.9481e-24 -0.0112103 

0.169236 0.0182745 -0.00803554 
0.195285 0.0163686 -0.00541371 
1.48628e-24 -1.27634e-24 -0.00517403 

0.169236 0.0182745 -0.00803554 
1.48628e-24 -1.27634e-24 -0.00517403 
1.08299e-24 -1.99415e-24 -0.0077831 

0.195285 0.0163686 -0.00541371 
0.218491 0.0141833 -0.00352251 
1.86112e-24 -7.64335e-25 -0.00328659 

0.195285 0.0163686 -0.00541371 
1.86112e-24 -7.64335e-25 -0.00328659 
1.48628e-24 -1.27634e-24 -0.00517403 

0.218491 0.0141833 -0.00352251 
0.238469 0.0118166 -0.00220992 
2.1989e-24 -4.17986e-25 -0.00198505 

0.218491 0.0141833 -0.00352251 
2.1989e-24 -4.17986e-25 -0.00198505 
1.86112e-24 -7.64335e-25 -0.00328659 

0.238469 0.0118166 -0.00220992 
0.255073 0.00932554 -0.00133992 
2.49428e-24 -2.01012e-25 -0.00114186 

0.238469 0.0118166 -0.00220992 
2.49428e-24 -2.01012e-25 -0.00114186 
2.1989e-24 -4.17986e-25 -0.00198505 

0.255073 0.00932554 -0.00133992 
0.268227 0.00666579 -0.000808295 
2.74359e-24 -8.37787e-26 -0.000651314 

0.255073 0.00932554 -0.00133992 
2.74359e-24 -8.37787e-26 -0.000651314 
2.49428e-24 -2.01012e-25 -0.00114186 

0.268227 0.00666579 -0.000808295 
0.278071 0.00391956 -0.000542954 
2.94331e-24 -4.47433e-26 -0.000435123 

0.268227 0.00666579 -0.000808295 
2.94331e-24 -4.47433e-26 -0.000435123 
2.74359e-24 -8.37787e-26 -0.000651314 

0.278071 0.00391956 -0.000542954 
0.284833 0.00119457 -0.000484489 
3.09134e-24 -6.58114e-26 -0.000430353 

0.278071 0.00391956 -0.000542954 
3.09134e-24 -6.58114e-26 -0.000430353 
2.94331e-24 -4.47433e-26 -0.000435123 

0.284833 0.00119457 -0.000484489 
0.288855 -0.00132591 -0.000586755 
3.18748e-24 -1.29843e-25 -0.000578623 

0.284833 0.00119457 -0.000484489 
3.18748e-24 -1.29843e-25 -0.000578623 
3.09134e-24 -6.58114e-26 -0.000430353 

0.288855 -0.00132591 -0.000586755 
0.290453 -0.00338796 -0.000787477 
3.23415e-24 -2.17098e-25 -0.000814702 

0.288855 -0.00132591 -0.000586755 
3.23415e-24 -2.17098e-25 -0.000814702 
3.18748e-24 -1.29843e-25 -0.000578623 

0.290453 -0.00338796 -0.000787477 
0.290211 -0.00478885 -0.00102209 
3.23744e-24 -3.06679e-25 -0.00107065 

0.290453 -0.00338796 -0.000787477 
3.23744e-24 -3.06679e-25 -0.00107065 
3.23415e-24 -2.17098e-25 -0.000814702 

0.290211 -0.00478885 -0.00102209 
0.288715 -0.00544045 -0.00121059 
3.20729e-24 -3.74442e-25 -0.00126599 

0.290211 -0.00478885 -0.00102209 
3.20729e-24 -3.74442e-25 -0.00126599 
3.23744e-24 -3.06679e-25 -0.00107065 

0.288715 -0.00544045 -0.00121059 
0.286473 -0.0053325 -0.00126369 
3.15604e-24 -3.95645e-25 -0.00131584 

0.288715 -0.00544045 -0.00121059 
3.15604e-24 -3.95645e-25 -0.00131584 
3.20729e-24 -3.74442e-25 -0.00126599 

0.286473 -0.0053325 -0.00126369 
0.283931 -0.00464072 -0.00110744 
3.09646e-24 -3.49986e-25 -0.0011472 

0.286473 -0.0053325 -0.00126369 
3.09646e-24 -3.49986e-25 -0.0011472 
3.15604e-24 -3.95645e-25 -0.00131584 

0.283931 -0.00464072 -0.00110744 
0.281261 -0.00365737 -0.000692931 
3.0394e-24 -2.27683e-25 -0.000720931 

0.283931 -0.00464072 -0.00110744 
3.0394e-24 -2.27683e-25 -0.000720931 
3.09646e-24 -3.49986e-25 -0.0011472 

0.281261 -0.00365737 -0.000692931 
0.277876 -0.00285837 -1.72556e-05 
2.14211e-24 -2.67534e-26 -6.00822e-05 

0.281261 -0.00365737 -0.000692931 
2.14211e-24 -2.67534e-26 -6.00822e-05 
3.0394e-24 -2.27683e-25 -0.000720931 

