41.6794 41.6626 41.6726 
41.6794 41.6726 41.6896 
41.6626 41.6158 41.6243 
41.6626 41.6243 41.6726 
41.6158 41.542 41.5487 
41.6158 41.5487 41.6243 
41.542 41.4449 41.4499 
41.542 41.4499 41.5487 
41.4449 41.3276 41.3314 
41.4449 41.3314 41.4499 
41.3276 41.1929 41.1956 
41.3276 41.1956 41.3314 
41.1929 41.0426 41.0447 
41.1929 41.0447 41.1956 
41.0426 40.8784 40.8799 
41.0426 40.8799 41.0447 
40.8784 40.7013 40.7023 
40.8784 40.7023 40.8799 
40.7013 40.512 40.5128 
40.7013 40.5128 40.7023 
40.512 40.3112 40.3118 
40.512 40.3118 40.5128 
40.3112 40.0993 40.0997 
40.3112 40.0997 40.3118 
40.0993 39.8765 39.8768 
40.0993 39.8768 40.0997 
39.8765 39.6431 39.6433 
39.8765 39.6433 39.8768 
39.6431 39.3993 39.3995 
39.6431 39.3995 39.6433 
39.3993 39.1452 39.1453 
39.3993 39.1453 39.3995 
39.1452 38.8808 38.8809 
39.1452 38.8809 39.1453 
38.8808 38.6063 38.6064 
38.8808 38.6064 38.8809 
38.6063 38.3217 38.3217 
38.6063 38.3217 38.6064 
38.3217 38.0269 38.0269 
38.3217 38.0269 38.3217 
38.0269 37.7221 37.7221 
38.0269 37.7221 38.0269 
37.7221 37.4072 37.4072 
37.7221 37.4072 37.7221 
37.4072 37.0823 37.0823 
37.4072 37.0823 37.4072 
37.0823 36.7474 36.7474 
37.0823 36.7474 37.0823 
36.7474 36.4024 36.4025 
36.7474 36.4025 36.7474 
36.4024 36.0475 36.0475 
36.4024 36.0475 36.4025 
36.0475 35.6825 35.6825 
36.0475 35.6825 36.0475 
35.6825 35.3075 35.3075 
35.6825 35.3075 35.6825 
35.3075 34.9225 34.9226 
35.3075 34.9226 35.3075 
34.9225 34.5276 34.5276 
34.9225 34.5276 34.9226 
34.5276 34.1226 34.1226 
34.5276 34.1226 34.5276 
34.1226 33.7076 33.7076 
34.1226 33.7076 34.1226 
33.7076 33.2826 33.2826 
33.7076 33.2826 33.7076 
33.2826 32.8476 32.8476 
33.2826 32.8476 33.2826 
32.8476 32.4026 32.4026 
32.8476 32.4026 32.8476 
32.4026 31.9476 31.9476 
32.4026 31.9476 32.4026 
31.9476 31.4826 31.4826 
31.9476 31.4826 31.9476 
31.4826 31.0076 31.0076 
31.4826 31.0076 31.4826 
31.0076 30.5226 30.5226 
31.0076 30.5226 31.0076 
30.5226 30.0276 30.0276 
30.5226 30.0276 30.5226 
30.0276 29.5226 29.5226 
30.0276 29.5226 30.0276 
29.5226 29.0076 29.0076 
29.5226 29.0076 29.5226 
29.0076 28.4826 28.4826 
29.0076 28.4826 29.0076 
28.4826 27.9476 27.9476 
28.4826 27.9476 28.4826 
27.9476 27.4026 27.4026 
27.9476 27.4026 27.9476 
27.4026 26.8476 26.8476 
27.4026 26.8476 27.4026 
26.8476 26.2826 26.2826 
26.8476 26.2826 26.8476 
26.2826 25.7076 25.7076 
26.2826 25.7076 26.2826 
25.7076 25.1226 25.1226 
25.7076 25.1226 25.7076 
25.1226 24.5276 24.5276 
25.1226 24.5276 25.1226 
24.5276 23.9226 23.9226 
24.5276 23.9226 24.5276 
23.9226 23.3076 23.3076 
23.9226 23.3076 23.9226 
23.3076 22.6826 22.6826 
23.3076 22.6826 23.3076 
22.6826 22.0476 22.0476 
22.6826 22.0476 22.6826 
22.0476 21.4026 21.4026 
22.0476 21.4026 22.0476 
21.4026 20.7476 20.7476 
21.4026 20.7476 21.4026 
20.7476 20.0825 20.0826 
20.7476 20.0826 20.7476 
20.0825 19.4075 19.4075 
20.0825 19.4075 20.0826 
19.4075 18.7225 18.7225 
19.4075 18.7225 19.4075 
18.7225 18.0275 18.0275 
18.7225 18.0275 18.7225 
18.0275 17.3224 17.3225 
18.0275 17.3225 18.0275 
17.3224 16.6074 16.6074 
17.3224 16.6074 17.3225 
16.6074 15.8823 15.8823 
16.6074 15.8823 16.6074 
15.8823 15.1472 15.1472 
15.8823 15.1472 15.8823 
15.1472 14.4021 14.4021 
15.1472 14.4021 15.1472 
14.4021 13.6469 13.6469 
14.4021 13.6469 14.4021 
13.6469 12.8816 12.8817 
13.6469 12.8817 13.6469 
12.8816 12.1063 12.1064 
12.8816 12.1064 12.8817 
12.1063 11.3209 11.3209 
12.1063 11.3209 12.1064 
11.3209 10.5253 10.5254 
11.3209 10.5254 11.3209 
10.5253 9.71946 9.71959 
10.5253 9.71959 10.5254 
9.71946 8.90341 8.90357 
9.71946 8.90357 9.71959 
8.90341 8.07704 8.07723 
8.90341 8.07723 8.90357 
8.07704 7.24029 7.24051 
8.07704 7.24051 8.07723 
7.24029 6.39308 6.39333 
7.24029 6.39333 7.24051 
6.39308 5.53537 5.53563 
6.39308 5.53563 6.39333 
5.53537 4.66714 4.66738 
5.53537 4.66738 5.53563 
4.66714 3.78842 3.78861 
4.66714 3.78861 4.66738 
3.78842 2.89932 2.89942 
3.78842 2.89942 3.78861 
2.89932 2 2 
2.89932 2 2.89942 
41.6896 41.6726 41.7039 
41.6896 41.7039 41.7237 
41.6726 41.6243 41.65 
41.6726 41.65 41.7039 
41.6243 41.5487 41.5685 
41.6243 41.5685 41.65 
41.5487 41.4499 41.4648 
41.5487 41.4648 41.5685 
41.4499 41.3314 41.3423 
41.4499 41.3423 41.4648 
41.3314 41.1956 41.2036 
41.3314 41.2036 41.3423 
41.1956 41.0447 41.0505 
41.1956 41.0505 41.2036 
41.0447 40.8799 40.8841 
41.0447 40.8841 41.0505 
40.8799 40.7023 40.7054 
40.8799 40.7054 40.8841 
40.7023 40.5128 40.515 
40.7023 40.515 40.7054 
40.5128 40.3118 40.3134 
40.5128 40.3134 40.515 
40.3118 40.0997 40.1009 
40.3118 40.1009 40.3134 
40.0997 39.8768 39.8777 
40.0997 39.8777 40.1009 
39.8768 39.6433 39.644 
39.8768 39.644 39.8777 
39.6433 39.3995 39.3999 
39.6433 39.3999 39.644 
39.3995 39.1453 39.1457 
39.3995 39.1457 39.3999 
39.1453 38.8809 38.8812 
39.1453 38.8812 39.1457 
38.8809 38.6064 38.6066 
38.8809 38.6066 38.8812 
38.6064 38.3217 38.3218 
38.6064 38.3218 38.6066 
38.3217 38.0269 38.027 
38.3217 38.027 38.3218 
38.0269 37.7221 37.7222 
38.0269 37.7222 38.027 
37.7221 37.4072 37.4073 
37.7221 37.4073 37.7222 
37.4072 37.0823 37.0824 
37.4072 37.0824 37.4073 
37.0823 36.7474 36.7474 
37.0823 36.7474 37.0824 
36.7474 36.4025 36.4025 
36.7474 36.4025 36.7474 
36.4025 36.0475 36.0475 
36.4025 36.0475 36.4025 
36.0475 35.6825 35.6825 
36.0475 35.6825 36.0475 
35.6825 35.3075 35.3075 
35.6825 35.3075 35.6825 
35.3075 34.9226 34.9226 
35.3075 34.9226 35.3075 
34.9226 34.5276 34.5276 
34.9226 34.5276 34.9226 
34.5276 34.1226 34.1226 
34.5276 34.1226 34.5276 
34.1226 33.7076 33.7076 
34.1226 33.7076 34.1226 
33.7076 33.2826 33.2826 
33.7076 33.2826 33.7076 
33.2826 32.8476 32.8476 
33.2826 32.8476 33.2826 
32.8476 32.4026 32.4026 
32.8476 32.4026 32.8476 
32.4026 31.9476 31.9476 
32.4026 31.9476 32.4026 
31.9476 31.4826 31.4826 
31.9476 31.4826 31.9476 
31.4826 31.0076 31.0076 
31.4826 31.0076 31.4826 
31.0076 30.5226 30.5226 
31.0076 30.5226 31.0076 
30.5226 30.0276 30.0276 
30.5226 30.0276 30.5226 
30.0276 29.5226 29.5226 
30.0276 29.5226 30.0276 
29.5226 29.0076 29.0076 
29.5226 29.0076 29.5226 
29.0076 28.4826 28.4826 
29.0076 28.4826 29.0076 
28.4826 27.9476 27.9476 
28.4826 27.9476 28.4826 
27.9476 27.4026 27.4026 
27.9476 27.4026 27.9476 
27.4026 26.8476 26.8476 
27.4026 26.8476 27.4026 
26.8476 26.2826 26.2826 
26.8476 26.2826 26.8476 
26.2826 25.7076 25.7076 
26.2826 25.7076 26.2826 
25.7076 25.1226 25.1226 
25.7076 25.1226 25.7076 
25.1226 24.5276 24.5276 
25.1226 24.5276 25.1226 
24.5276 23.9226 23.9226 
24.5276 23.9226 24.5276 
23.9226 23.3076 23.3076 
23.9226 23.3076 23.9226 
23.3076 22.6826 22.6826 
23.3076 22.6826 23.3076 
22.6826 22.0476 22.0476 
22.6826 22.0476 22.6826 
22.0476 21.4026 21.4026 
22.0476 21.4026 22.0476 
21.4026 20.7476 20.7476 
21.4026 20.7476 21.4026 
20.7476 20.0826 20.0826 
20.7476 20.0826 20.7476 
20.0826 19.4075 19.4075 
20.0826 19.4075 20.0826 
19.4075 18.7225 18.7225 
19.4075 18.7225 19.4075 
18.7225 18.0275 18.0275 
18.7225 18.0275 18.7225 
18.0275 17.3225 17.3225 
18.0275 17.3225 18.0275 
17.3225 16.6074 16.6074 
17.3225 16.6074 17.3225 
16.6074 15.8823 15.8824 
16.6074 15.8824 16.6074 
15.8823 15.1472 15.1473 
15.8823 15.1473 15.8824 
15.1472 14.4021 14.4022 
15.1472 14.4022 15.1473 
14.4021 13.6469 13.647 
14.4021 13.647 14.4022 
13.6469 12.8817 12.8818 
13.6469 12.8818 13.647 
12.8817 12.1064 12.1065 
12.8817 12.1065 12.8818 
12.1064 11.3209 11.3212 
12.1064 11.3212 12.1065 
11.3209 10.5254 10.5257 
11.3209 10.5257 11.3212 
10.5254 9.71959 9.71996 
10.5254 9.71996 10.5257 
9.71959 8.90357 8.90404 
9.71959 8.90404 9.71996 
8.90357 8.07723 8.07781 
8.90357 8.07781 8.90404 
8.07723 7.24051 7.2412 
8.07723 7.2412 8.07781 
7.24051 6.39333 6.3941 
7.24051 6.3941 7.2412 
6.39333 5.53563 5.53644 
6.39333 5.53644 6.3941 
5.53563 4.66738 4.66814 
5.53563 4.66814 5.53644 
4.66738 3.78861 3.78922 
4.66738 3.78922 4.66814 
3.78861 2.89942 2.89976 
3.78861 2.89976 3.78922 
2.89942 2 2 
2.89942 2 2.89976 
41.7237 41.7039 41.7594 
41.7237 41.7594 41.7873 
41.7039 41.65 41.6932 
41.7039 41.6932 41.7594 
41.65 41.5685 41.6008 
41.65 41.6008 41.6932 
41.5685 41.4648 41.4883 
41.5685 41.4883 41.6008 
41.4648 41.3423 41.3594 
41.4648 41.3594 41.4883 
41.3423 41.2036 41.216 
41.3423 41.216 41.3594 
41.2036 41.0505 41.0595 
41.2036 41.0595 41.216 
41.0505 40.8841 40.8907 
41.0505 40.8907 41.0595 
40.8841 40.7054 40.7102 
40.8841 40.7102 40.8907 
40.7054 40.515 40.5185 
40.7054 40.5185 40.7102 
40.515 40.3134 40.3159 
40.515 40.3159 40.5185 
40.3134 40.1009 40.1027 
40.3134 40.1027 40.3159 
40.1009 39.8777 39.879 
40.1009 39.879 40.1027 
39.8777 39.644 39.645 
39.8777 39.645 39.879 
39.644 39.3999 39.4007 
39.644 39.4007 39.645 
39.3999 39.1457 39.1462 
39.3999 39.1462 39.4007 
39.1457 38.8812 38.8816 
39.1457 38.8816 39.1462 
38.8812 38.6066 38.6068 
38.8812 38.6068 38.8816 
38.6066 38.3218 38.322 
38.6066 38.322 38.6068 
38.3218 38.027 38.0272 
38.3218 38.0272 38.322 
38.027 37.7222 37.7223 
38.027 37.7223 38.0272 
37.7222 37.4073 37.4074 
37.7222 37.4074 37.7223 
37.4073 37.0824 37.0824 
37.4073 37.0824 37.4074 
37.0824 36.7474 36.7475 
37.0824 36.7475 37.0824 
36.7474 36.4025 36.4025 
36.7474 36.4025 36.7475 
36.4025 36.0475 36.0475 
36.4025 36.0475 36.4025 
36.0475 35.6825 35.6825 
36.0475 35.6825 36.0475 
35.6825 35.3075 35.3076 
35.6825 35.3076 35.6825 
35.3075 34.9226 34.9226 
35.3075 34.9226 35.3076 
34.9226 34.5276 34.5276 
34.9226 34.5276 34.9226 
34.5276 34.1226 34.1226 
34.5276 34.1226 34.5276 
34.1226 33.7076 33.7076 
34.1226 33.7076 34.1226 
33.7076 33.2826 33.2826 
33.7076 33.2826 33.7076 
33.2826 32.8476 32.8476 
33.2826 32.8476 33.2826 
32.8476 32.4026 32.4026 
32.8476 32.4026 32.8476 
32.4026 31.9476 31.9476 
32.4026 31.9476 32.4026 
31.9476 31.4826 31.4826 
31.9476 31.4826 31.9476 
31.4826 31.0076 31.0076 
31.4826 31.0076 31.4826 
31.0076 30.5226 30.5226 
31.0076 30.5226 31.0076 
30.5226 30.0276 30.0276 
30.5226 30.0276 30.5226 
30.0276 29.5226 29.5226 
30.0276 29.5226 30.0276 
29.5226 29.0076 29.0076 
29.5226 29.0076 29.5226 
29.0076 28.4826 28.4826 
29.0076 28.4826 29.0076 
28.4826 27.9476 27.9476 
28.4826 27.9476 28.4826 
27.9476 27.4026 27.4026 
27.9476 27.4026 27.9476 
27.4026 26.8476 26.8476 
27.4026 26.8476 27.4026 
26.8476 26.2826 26.2826 
26.8476 26.2826 26.8476 
26.2826 25.7076 25.7076 
26.2826 25.7076 26.2826 
25.7076 25.1226 25.1226 
25.7076 25.1226 25.7076 
25.1226 24.5276 24.5276 
25.1226 24.5276 25.1226 
24.5276 23.9226 23.9226 
24.5276 23.9226 24.5276 
23.9226 23.3076 23.3076 
23.9226 23.3076 23.9226 
23.3076 22.6826 22.6826 
23.3076 22.6826 23.3076 
22.6826 22.0476 22.0476 
22.6826 22.0476 22.6826 
22.0476 21.4026 21.4026 
22.0476 21.4026 22.0476 
21.4026 20.7476 20.7476 
21.4026 20.7476 21.4026 
20.7476 20.0826 20.0826 
20.7476 20.0826 20.7476 
20.0826 19.4075 19.4076 
20.0826 19.4076 20.0826 
19.4075 18.7225 18.7225 
19.4075 18.7225 19.4076 
18.7225 18.0275 18.0275 
18.7225 18.0275 18.7225 
18.0275 17.3225 17.3225 
18.0275 17.3225 18.0275 
17.3225 16.6074 16.6075 
17.3225 16.6075 17.3225 
16.6074 15.8824 15.8824 
16.6074 15.8824 16.6075 
15.8824 15.1473 15.1474 
15.8824 15.1474 15.8824 
15.1473 14.4022 14.4023 
15.1473 14.4023 15.1474 
14.4022 13.647 13.6472 
14.4022 13.6472 14.4023 
13.647 12.8818 12.882 
13.647 12.882 13.6472 
12.8818 12.1065 12.1068 
12.8818 12.1068 12.882 
12.1065 11.3212 11.3215 
12.1065 11.3215 12.1068 
11.3212 10.5257 10.5261 
11.3212 10.5261 11.3215 
10.5257 9.71996 9.72057 
10.5257 9.72057 10.5261 
9.71996 8.90404 8.90482 
9.71996 8.90482 9.72057 
8.90404 8.07781 8.07878 
8.90404 8.07878 8.90482 
8.07781 7.2412 7.24236 
8.07781 7.24236 8.07878 
7.2412 6.3941 6.39544 
7.2412 6.39544 7.24236 
6.3941 5.53644 5.53787 
6.3941 5.53787 6.39544 
5.53644 4.66814 4.66953 
5.53644 4.66953 5.53787 
4.66814 3.78922 3.79036 
4.66814 3.79036 4.66953 
3.78922 2.89976 2.90041 
3.78922 2.90041 3.79036 
2.89976 2 2 
2.89976 2 2.90041 
41.7873 41.7594 41.8431 
41.7873 41.8431 41.8968 
41.7594 41.6932 41.7528 
41.7594 41.7528 41.8431 
41.6932 41.6008 41.6429 
41.6932 41.6429 41.7528 
41.6008 41.4883 41.5184 
41.6008 41.5184 41.6429 
41.4883 41.3594 41.381 
41.4883 41.381 41.5184 
41.3594 41.216 41.2316 
41.3594 41.2316 41.381 
41.216 41.0595 41.0708 
41.216 41.0708 41.2316 
41.0595 40.8907 40.8989 
41.0595 40.8989 41.0708 
40.8907 40.7102 40.7162 
40.8907 40.7162 40.8989 
40.7102 40.5185 40.5229 
40.7102 40.5229 40.7162 
40.5185 40.3159 40.3191 
40.5185 40.3191 40.5229 
40.3159 40.1027 40.105 
40.3159 40.105 40.3191 
40.1027 39.879 39.8807 
40.1027 39.8807 40.105 
39.879 39.645 39.6462 
39.879 39.6462 39.8807 
39.645 39.4007 39.4016 
39.645 39.4016 39.6462 
39.4007 39.1462 39.1469 
39.4007 39.1469 39.4016 
39.1462 38.8816 38.8821 
39.1462 38.8821 39.1469 
38.8816 38.6068 38.6072 
38.8816 38.6072 38.8821 
38.6068 38.322 38.3223 
38.6068 38.3223 38.6072 
38.322 38.0272 38.0274 
38.322 38.0274 38.3223 
38.0272 37.7223 37.7224 
38.0272 37.7224 38.0274 
37.7223 37.4074 37.4075 
37.7223 37.4075 37.7224 
37.4074 37.0824 37.0825 
37.4074 37.0825 37.4075 
37.0824 36.7475 36.7475 
37.0824 36.7475 37.0825 
36.7475 36.4025 36.4025 
36.7475 36.4025 36.7475 
36.4025 36.0475 36.0476 
36.4025 36.0476 36.4025 
36.0475 35.6825 35.6826 
36.0475 35.6826 36.0476 
35.6825 35.3076 35.3076 
35.6825 35.3076 35.6826 
35.3076 34.9226 34.9226 
35.3076 34.9226 35.3076 
34.9226 34.5276 34.5276 
34.9226 34.5276 34.9226 
34.5276 34.1226 34.1226 
34.5276 34.1226 34.5276 
34.1226 33.7076 33.7076 
34.1226 33.7076 34.1226 
33.7076 33.2826 33.2826 
33.7076 33.2826 33.7076 
33.2826 32.8476 32.8476 
33.2826 32.8476 33.2826 
32.8476 32.4026 32.4026 
32.8476 32.4026 32.8476 
32.4026 31.9476 31.9476 
32.4026 31.9476 32.4026 
31.9476 31.4826 31.4826 
31.9476 31.4826 31.9476 
31.4826 31.0076 31.0076 
31.4826 31.0076 31.4826 
31.0076 30.5226 30.5226 
31.0076 30.5226 31.0076 
30.5226 30.0276 30.0276 
30.5226 30.0276 30.5226 
30.0276 29.5226 29.5226 
30.0276 29.5226 30.0276 
29.5226 29.0076 29.0076 
29.5226 29.0076 29.5226 
29.0076 28.4826 28.4826 
29.0076 28.4826 29.0076 
28.4826 27.9476 27.9476 
28.4826 27.9476 28.4826 
27.9476 27.4026 27.4026 
27.9476 27.4026 27.9476 
27.4026 26.8476 26.8476 
27.4026 26.8476 27.4026 
26.8476 26.2826 26.2826 
26.8476 26.2826 26.8476 
26.2826 25.7076 25.7076 
26.2826 25.7076 26.2826 
25.7076 25.1226 25.1226 
25.7076 25.1226 25.7076 
25.1226 24.5276 24.5276 
25.1226 24.5276 25.1226 
24.5276 23.9226 23.9226 
24.5276 23.9226 24.5276 
23.9226 23.3076 23.3076 
23.9226 23.3076 23.9226 
23.3076 22.6826 22.6826 
23.3076 22.6826 23.3076 
22.6826 22.0476 22.0476 
22.6826 22.0476 22.6826 
22.0476 21.4026 21.4026 
22.0476 21.4026 22.0476 
21.4026 20.7476 20.7476 
21.4026 20.7476 21.4026 
20.7476 20.0826 20.0826 
20.7476 20.0826 20.7476 
20.0826 19.4076 19.4076 
20.0826 19.4076 20.0826 
19.4076 18.7225 18.7226 
19.4076 18.7226 19.4076 
18.7225 18.0275 18.0276 
18.7225 18.0276 18.7226 
18.0275 17.3225 17.3225 
18.0275 17.3225 18.0276 
17.3225 16.6075 16.6075 
17.3225 16.6075 17.3225 
16.6075 15.8824 15.8825 
16.6075 15.8825 16.6075 
15.8824 15.1474 15.1475 
15.8824 15.1475 15.8825 
15.1474 14.4023 14.4024 
15.1474 14.4024 15.1475 
14.4023 13.6472 13.6474 
14.4023 13.6474 14.4024 
13.6472 12.882 12.8823 
13.6472 12.8823 13.6474 
12.882 12.1068 12.1072 
12.882 12.1072 12.8823 
12.1068 11.3215 11.322 
12.1068 11.322 12.1072 
11.3215 10.5261 10.5267 
11.3215 10.5267 11.322 
10.5261 9.72057 9.72139 
10.5261 9.72139 10.5267 
9.72057 8.90482 8.90588 
9.72057 8.90588 9.72139 
8.90482 8.07878 8.08013 
8.90482 8.08013 8.90588 
8.07878 7.24236 7.24404 
8.07878 7.24404 8.08013 
7.24236 6.39544 6.39743 
7.24236 6.39743 7.24404 
6.39544 5.53787 5.54009 
6.39544 5.54009 6.39743 
5.53787 4.66953 4.67177 
5.53787 4.67177 5.54009 
4.66953 3.79036 3.79226 
4.66953 3.79226 4.67177 
3.79036 2.90041 2.90154 
3.79036 2.90154 3.79226 
2.90041 2 2 
2.90041 2 2.90154 
41.8968 41.8431 41.9536 
41.8968 41.9536 42.1037 
41.8431 41.7528 41.8219 
41.8431 41.8219 41.9536 
41.7528 41.6429 41.6897 
41.7528 41.6897 41.8219 
41.6429 41.5184 41.5513 
41.6429 41.5513 41.6897 
41.5184 41.381 41.4046 
41.5184 41.4046 41.5513 
41.381 41.2316 41.2486 
41.381 41.2486 41.4046 
41.2316 41.0708 41.0832 
41.2316 41.0832 41.2486 
41.0708 40.8989 40.9079 
41.0708 40.9079 41.0832 
40.8989 40.7162 40.7228 
40.8989 40.7228 40.9079 
40.7162 40.5229 40.5277 
40.7162 40.5277 40.7228 
40.5229 40.3191 40.3226 
40.5229 40.3226 40.5277 
40.3191 40.105 40.1076 
40.3191 40.1076 40.3226 
40.105 39.8807 39.8826 
40.105 39.8826 40.1076 
39.8807 39.6462 39.6476 
39.8807 39.6476 39.8826 
39.6462 39.4016 39.4026 
39.6462 39.4026 39.6476 
39.4016 39.1469 39.1476 
39.4016 39.1476 39.4026 
39.1469 38.8821 38.8826 
39.1469 38.8826 39.1476 
38.8821 38.6072 38.6076 
38.8821 38.6076 38.8826 
38.6072 38.3223 38.3226 
38.6072 38.3226 38.6076 
38.3223 38.0274 38.0276 
38.3223 38.0276 38.3226 
38.0274 37.7224 37.7226 
38.0274 37.7226 38.0276 
37.7224 37.4075 37.4076 
37.7224 37.4076 37.7226 
37.4075 37.0825 37.0826 
37.4075 37.0826 37.4076 
37.0825 36.7475 36.7476 
37.0825 36.7476 37.0826 
36.7475 36.4025 36.4026 
36.7475 36.4026 36.7476 
36.4025 36.0476 36.0476 
36.4025 36.0476 36.4026 
36.0476 35.6826 35.6826 
36.0476 35.6826 36.0476 
35.6826 35.3076 35.3076 
35.6826 35.3076 35.6826 
35.3076 34.9226 34.9226 
35.3076 34.9226 35.3076 
34.9226 34.5276 34.5276 
34.9226 34.5276 34.9226 
34.5276 34.1226 34.1226 
34.5276 34.1226 34.5276 
34.1226 33.7076 33.7076 
34.1226 33.7076 34.1226 
33.7076 33.2826 33.2826 
33.7076 33.2826 33.7076 
33.2826 32.8476 32.8476 
33.2826 32.8476 33.2826 
32.8476 32.4026 32.4026 
32.8476 32.4026 32.8476 
32.4026 31.9476 31.9476 
32.4026 31.9476 32.4026 
31.9476 31.4826 31.4826 
31.9476 31.4826 31.9476 
31.4826 31.0076 31.0076 
31.4826 31.0076 31.4826 
31.0076 30.5226 30.5226 
31.0076 30.5226 31.0076 
30.5226 30.0276 30.0276 
30.5226 30.0276 30.5226 
30.0276 29.5226 29.5226 
30.0276 29.5226 30.0276 
29.5226 29.0076 29.0076 
29.5226 29.0076 29.5226 
29.0076 28.4826 28.4826 
29.0076 28.4826 29.0076 
28.4826 27.9476 27.9476 
28.4826 27.9476 28.4826 
27.9476 27.4026 27.4026 
27.9476 27.4026 27.9476 
27.4026 26.8476 26.8476 
27.4026 26.8476 27.4026 
26.8476 26.2826 26.2826 
26.8476 26.2826 26.8476 
26.2826 25.7076 25.7076 
26.2826 25.7076 26.2826 
25.7076 25.1226 25.1226 
25.7076 25.1226 25.7076 
25.1226 24.5276 24.5276 
25.1226 24.5276 25.1226 
24.5276 23.9226 23.9226 
24.5276 23.9226 24.5276 
23.9226 23.3076 23.3076 
23.9226 23.3076 23.9226 
23.3076 22.6826 22.6826 
23.3076 22.6826 23.3076 
22.6826 22.0476 22.0476 
22.6826 22.0476 22.6826 
22.0476 21.4026 21.4026 
22.0476 21.4026 22.0476 
21.4026 20.7476 20.7476 
21.4026 20.7476 21.4026 
20.7476 20.0826 20.0826 
20.7476 20.0826 20.7476 
20.0826 19.4076 19.4076 
20.0826 19.4076 20.0826 
19.4076 18.7226 18.7226 
19.4076 18.7226 19.4076 
18.7226 18.0276 18.0276 
18.7226 18.0276 18.7226 
18.0276 17.3225 17.3226 
18.0276 17.3226 18.0276 
17.3225 16.6075 16.6076 
17.3225 16.6076 17.3226 
16.6075 15.8825 15.8826 
16.6075 15.8826 16.6076 
15.8825 15.1475 15.1476 
15.8825 15.1476 15.8826 
15.1475 14.4024 14.4026 
15.1475 14.4026 15.1476 
14.4024 13.6474 13.6476 
14.4024 13.6476 14.4026 
13.6474 12.8823 12.8826 
13.6474 12.8826 13.6476 
12.8823 12.1072 12.1076 
12.8823 12.1076 12.8826 
12.1072 11.322 11.3225 
12.1072 11.3225 12.1076 
11.322 10.5267 10.5275 
11.322 10.5275 11.3225 
10.5267 9.72139 9.72236 
10.5267 9.72236 10.5275 
9.72139 8.90588 8.90717 
9.72139 8.90717 9.72236 
8.90588 8.08013 8.08183 
8.90588 8.08183 8.90717 
8.08013 7.24404 7.24622 
8.08013 7.24622 8.08183 
7.24404 6.39743 6.40014 
7.24404 6.40014 7.24622 
6.39743 5.54009 5.54328 
6.39743 5.54328 6.40014 
5.54009 4.67177 4.67519 
5.54009 4.67519 5.54328 
4.67177 3.79226 3.79536 
4.67177 3.79536 4.67519 
3.79226 2.90154 2.90348 
3.79226 2.90348 3.79536 
2.90154 2 2 
2.90154 2 2.90348 
44.2589 44.253 44.2528 
44.2589 44.2528 44.258 
44.253 44.2377 44.2376 
44.253 44.2376 44.2528 
44.2377 44.2126 44.2125 
44.2377 44.2125 44.2376 
44.2126 44.1775 44.1775 
44.2126 44.1775 44.2125 
44.1775 44.1324 44.1324 
44.1775 44.1324 44.1775 
44.1324 44.0774 44.0774 
44.1324 44.0774 44.1324 
44.0774 44.0124 44.0124 
44.0774 44.0124 44.0774 
44.0124 43.9373 43.9374 
44.0124 43.9374 44.0124 
43.9373 43.8523 43.8523 
43.9373 43.8523 43.9374 
43.8523 43.7572 43.7572 
43.8523 43.7572 43.8523 
43.7572 43.6521 43.6521 
43.7572 43.6521 43.7572 
43.6521 43.5368 43.5369 
43.6521 43.5369 43.6521 
43.5368 43.4112 43.4115 
43.5368 43.4115 43.5369 
43.4112 43.2753 43.2757 
43.4112 43.2757 43.4115 
43.2753 43.1284 43.1293 
43.2753 43.1293 43.2757 
43.1284 42.9699 42.9716 
43.1284 42.9716 43.1293 
42.9699 42.798 42.8017 
42.9699 42.8017 42.9716 
42.798 42.6084 42.618 
42.798 42.618 42.8017 
42.6084 42.3898 42.4186 
42.6084 42.4186 42.618 
42.3898 42.1037 42.2076 
42.3898 42.2076 42.4186 
42.1037 41.9536 42.0355 
42.1037 42.0355 42.2076 
41.9536 41.8219 41.8815 
41.9536 41.8815 42.0355 
41.8219 41.6897 41.7328 
41.8219 41.7328 41.8815 
41.6897 41.5513 41.5825 
41.6897 41.5825 41.7328 
41.5513 41.4046 41.4273 
41.5513 41.4273 41.5825 
41.4046 41.2486 41.2653 
41.4046 41.2653 41.4273 
41.2486 41.0832 41.0953 
41.2486 41.0953 41.2653 
41.0832 40.9079 40.9168 
41.0832 40.9168 41.0953 
40.9079 40.7228 40.7293 
40.9079 40.7293 40.9168 
40.7228 40.5277 40.5325 
40.7228 40.5325 40.7293 
40.5277 40.3226 40.3261 
40.5277 40.3261 40.5325 
40.3226 40.1076 40.1102 
40.3226 40.1102 40.3261 
40.1076 39.8826 39.8845 
40.1076 39.8845 40.1102 
39.8826 39.6476 39.649 
39.8826 39.649 39.8845 
39.6476 39.4026 39.4036 
39.6476 39.4036 39.649 
39.4026 39.1476 39.1483 
39.4026 39.1483 39.4036 
39.1476 38.8826 38.8831 
39.1476 38.8831 39.1483 
38.8826 38.6076 38.608 
38.8826 38.608 38.8831 
38.6076 38.3226 38.3229 
38.6076 38.3229 38.608 
38.3226 38.0276 38.0278 
38.3226 38.0278 38.3229 
38.0276 37.7226 37.7227 
38.0276 37.7227 38.0278 
37.7226 37.4076 37.4077 
37.7226 37.4077 37.7227 
37.4076 37.0826 37.0827 
37.4076 37.0827 37.4077 
37.0826 36.7476 36.7477 
37.0826 36.7477 37.0827 
36.7476 36.4026 36.4026 
36.7476 36.4026 36.7477 
36.4026 36.0476 36.0476 
36.4026 36.0476 36.4026 
36.0476 35.6826 35.6826 
36.0476 35.6826 36.0476 
35.6826 35.3076 35.3076 
35.6826 35.3076 35.6826 
35.3076 34.9226 34.9226 
35.3076 34.9226 35.3076 
34.9226 34.5276 34.5276 
34.9226 34.5276 34.9226 
34.5276 34.1226 34.1226 
34.5276 34.1226 34.5276 
34.1226 33.7076 33.7076 
34.1226 33.7076 34.1226 
33.7076 33.2826 33.2826 
33.7076 33.2826 33.7076 
33.2826 32.8476 32.8476 
33.2826 32.8476 33.2826 
32.8476 32.4026 32.4026 
32.8476 32.4026 32.8476 
32.4026 31.9476 31.9476 
32.4026 31.9476 32.4026 
31.9476 31.4826 31.4826 
31.9476 31.4826 31.9476 
31.4826 31.0076 31.0076 
31.4826 31.0076 31.4826 
31.0076 30.5226 30.5226 
31.0076 30.5226 31.0076 
30.5226 30.0276 30.0276 
30.5226 30.0276 30.5226 
30.0276 29.5226 29.5226 
30.0276 29.5226 30.0276 
29.5226 29.0076 29.0076 
29.5226 29.0076 29.5226 
29.0076 28.4826 28.4826 
29.0076 28.4826 29.0076 
28.4826 27.9476 27.9476 
28.4826 27.9476 28.4826 
27.9476 27.4026 27.4026 
27.9476 27.4026 27.9476 
27.4026 26.8476 26.8476 
27.4026 26.8476 27.4026 
26.8476 26.2826 26.2826 
26.8476 26.2826 26.8476 
26.2826 25.7076 25.7076 
26.2826 25.7076 26.2826 
25.7076 25.1226 25.1226 
25.7076 25.1226 25.7076 
25.1226 24.5276 24.5276 
25.1226 24.5276 25.1226 
24.5276 23.9226 23.9226 
24.5276 23.9226 24.5276 
23.9226 23.3076 23.3076 
23.9226 23.3076 23.9226 
23.3076 22.6826 22.6826 
23.3076 22.6826 23.3076 
22.6826 22.0476 22.0476 
22.6826 22.0476 22.6826 
22.0476 21.4026 21.4026 
22.0476 21.4026 22.0476 
21.4026 20.7476 20.7476 
21.4026 20.7476 21.4026 
20.7476 20.0826 20.0826 
20.7476 20.0826 20.7476 
20.0826 19.4076 19.4076 
20.0826 19.4076 20.0826 
19.4076 18.7226 18.7226 
19.4076 18.7226 19.4076 
18.7226 18.0276 18.0276 
18.7226 18.0276 18.7226 
18.0276 17.3226 17.3226 
18.0276 17.3226 18.0276 
17.3226 16.6076 16.6077 
17.3226 16.6077 17.3226 
16.6076 15.8826 15.8827 
16.6076 15.8827 16.6077 
15.8826 15.1476 15.1477 
15.8826 15.1477 15.8827 
15.1476 14.4026 14.4027 
15.1476 14.4027 15.1477 
14.4026 13.6476 13.6478 
14.4026 13.6478 14.4027 
13.6476 12.8826 12.8829 
13.6476 12.8829 13.6478 
12.8826 12.1076 12.108 
12.8826 12.108 12.8829 
12.1076 11.3225 11.3231 
12.1076 11.3231 12.108 
11.3225 10.5275 10.5282 
11.3225 10.5282 11.3231 
10.5275 9.72236 9.72342 
10.5275 9.72342 10.5282 
9.72236 8.90717 8.90862 
9.72236 8.90862 9.72342 
8.90717 8.08183 8.0838 
8.90717 8.0838 8.90862 
8.08183 7.24622 7.24887 
8.08183 7.24887 8.0838 
7.24622 6.40014 6.40364 
7.24622 6.40364 7.24887 
6.40014 5.54328 5.5477 
6.40014 5.5477 6.40364 
5.54328 4.67519 4.68035 
5.54328 4.68035 5.5477 
4.67519 3.79536 3.80052 
4.67519 3.80052 4.68035 
3.79536 2.90348 2.90703 
3.79536 2.90703 3.80052 
2.90348 2 2 
2.90348 2 2.90703 
44.258 44.2528 44.2525 
44.258 44.2525 44.2576 
44.2528 44.2376 44.2375 
44.2528 44.2375 44.2525 
44.2376 44.2125 44.2124 
44.2376 44.2124 44.2375 
44.2125 44.1775 44.1774 
44.2125 44.1774 44.2124 
44.1775 44.1324 44.1324 
44.1775 44.1324 44.1774 
44.1324 44.0774 44.0774 
44.1324 44.0774 44.1324 
44.0774 44.0124 44.0124 
44.0774 44.0124 44.0774 
44.0124 43.9374 43.9374 
44.0124 43.9374 44.0124 
43.9374 43.8523 43.8524 
43.9374 43.8524 43.9374 
43.8523 43.7572 43.7573 
43.8523 43.7573 43.8524 
43.7572 43.6521 43.6523 
43.7572 43.6523 43.7573 
43.6521 43.5369 43.5372 
43.6521 43.5372 43.6523 
43.5369 43.4115 43.412 
43.5369 43.412 43.5372 
43.4115 43.2757 43.2768 
43.4115 43.2768 43.412 
43.2757 43.1293 43.1313 
43.2757 43.1313 43.2768 
43.1293 42.9716 42.9755 
43.1293 42.9755 43.1313 
42.9716 42.8017 42.8094 
42.9716 42.8094 42.9755 
42.8017 42.618 42.6333 
42.8017 42.6333 42.8094 
42.618 42.4186 42.4489 
42.618 42.4489 42.6333 
42.4186 42.2076 42.2625 
42.4186 42.2625 42.4489 
42.2076 42.0355 42.0892 
42.2076 42.0892 42.2625 
42.0355 41.8815 41.926 
42.0355 41.926 42.0892 
41.8815 41.7328 41.7674 
41.8815 41.7674 41.926 
41.7328 41.5825 41.6087 
41.7328 41.6087 41.7674 
41.5825 41.4273 41.4468 
41.5825 41.4468 41.6087 
41.4273 41.2653 41.2798 
41.4273 41.2798 41.4468 
41.2653 41.0953 41.106 
41.2653 41.106 41.2798 
41.0953 40.9168 40.9247 
41.0953 40.9247 41.106 
40.9168 40.7293 40.7351 
40.9168 40.7351 40.9247 
40.7293 40.5325 40.5367 
40.7293 40.5367 40.7351 
40.5325 40.3261 40.3293 
40.5325 40.3293 40.5367 
40.3261 40.1102 40.1125 
40.3261 40.1125 40.3293 
40.1102 39.8845 39.8862 
40.1102 39.8862 40.1125 
39.8845 39.649 39.6502 
39.8845 39.6502 39.8862 
39.649 39.4036 39.4045 
39.649 39.4045 39.6502 
39.4036 39.1483 39.149 
39.4036 39.149 39.4045 
39.1483 38.8831 38.8836 
39.1483 38.8836 39.149 
38.8831 38.608 38.6083 
38.8831 38.6083 38.8836 
38.608 38.3229 38.3231 
38.608 38.3231 38.6083 
38.3229 38.0278 38.028 
38.3229 38.028 38.3231 
38.0278 37.7227 37.7229 
38.0278 37.7229 38.028 
37.7227 37.4077 37.4078 
37.7227 37.4078 37.7229 
37.4077 37.0827 37.0827 
37.4077 37.0827 37.4078 
37.0827 36.7477 36.7477 
37.0827 36.7477 37.0827 
36.7477 36.4026 36.4027 
36.7477 36.4027 36.7477 
36.4026 36.0476 36.0477 
36.4026 36.0477 36.4027 
36.0476 35.6826 35.6826 
36.0476 35.6826 36.0477 
35.6826 35.3076 35.3076 
35.6826 35.3076 35.6826 
35.3076 34.9226 34.9226 
35.3076 34.9226 35.3076 
34.9226 34.5276 34.5276 
34.9226 34.5276 34.9226 
34.5276 34.1226 34.1226 
34.5276 34.1226 34.5276 
34.1226 33.7076 33.7076 
34.1226 33.7076 34.1226 
33.7076 33.2826 33.2826 
33.7076 33.2826 33.7076 
33.2826 32.8476 32.8476 
33.2826 32.8476 33.2826 
32.8476 32.4026 32.4026 
32.8476 32.4026 32.8476 
32.4026 31.9476 31.9476 
32.4026 31.9476 32.4026 
31.9476 31.4826 31.4826 
31.9476 31.4826 31.9476 
31.4826 31.0076 31.0076 
31.4826 31.0076 31.4826 
31.0076 30.5226 30.5226 
31.0076 30.5226 31.0076 
30.5226 30.0276 30.0276 
30.5226 30.0276 30.5226 
30.0276 29.5226 29.5226 
30.0276 29.5226 30.0276 
29.5226 29.0076 29.0076 
29.5226 29.0076 29.5226 
29.0076 28.4826 28.4826 
29.0076 28.4826 29.0076 
28.4826 27.9476 27.9476 
28.4826 27.9476 28.4826 
27.9476 27.4026 27.4026 
27.9476 27.4026 27.9476 
27.4026 26.8476 26.8476 
27.4026 26.8476 27.4026 
26.8476 26.2826 26.2826 
26.8476 26.2826 26.8476 
26.2826 25.7076 25.7076 
26.2826 25.7076 26.2826 
25.7076 25.1226 25.1226 
25.7076 25.1226 25.7076 
25.1226 24.5276 24.5276 
25.1226 24.5276 25.1226 
24.5276 23.9226 23.9226 
24.5276 23.9226 24.5276 
23.9226 23.3076 23.3076 
23.9226 23.3076 23.9226 
23.3076 22.6826 22.6826 
23.3076 22.6826 23.3076 
22.6826 22.0476 22.0476 
22.6826 22.0476 22.6826 
22.0476 21.4026 21.4026 
22.0476 21.4026 22.0476 
21.4026 20.7476 20.7476 
21.4026 20.7476 21.4026 
20.7476 20.0826 20.0826 
20.7476 20.0826 20.7476 
20.0826 19.4076 19.4076 
20.0826 19.4076 20.0826 
19.4076 18.7226 18.7226 
19.4076 18.7226 19.4076 
18.7226 18.0276 18.0277 
18.7226 18.0277 18.7226 
18.0276 17.3226 17.3227 
18.0276 17.3227 18.0277 
17.3226 16.6077 16.6077 
17.3226 16.6077 17.3227 
16.6077 15.8827 15.8828 
16.6077 15.8828 16.6077 
15.8827 15.1477 15.1478 
15.8827 15.1478 15.8828 
15.1477 14.4027 14.4029 
15.1477 14.4029 15.1478 
14.4027 13.6478 13.648 
14.4027 13.648 14.4029 
13.6478 12.8829 12.8831 
13.6478 12.8831 13.648 
12.8829 12.108 12.1083 
12.8829 12.1083 12.8831 
12.108 11.3231 11.3236 
12.108 11.3236 12.1083 
11.3231 10.5282 10.529 
11.3231 10.529 11.3236 
10.5282 9.72342 9.72446 
10.5282 9.72446 10.529 
9.72342 8.90862 8.91009 
9.72342 8.91009 9.72446 
8.90862 8.0838 8.08588 
8.90862 8.08588 8.91009 
8.0838 7.24887 7.25183 
8.0838 7.25183 8.08588 
7.24887 6.40364 6.40783 
7.24887 6.40783 7.25183 
6.40364 5.5477 5.55352 
6.40364 5.55352 6.40783 
5.5477 4.68035 4.68801 
5.5477 4.68801 5.55352 
4.68035 3.80052 3.80932 
4.68035 3.80932 4.68801 
3.80052 2.90703 2.91413 
3.80052 2.91413 3.80932 
2.90703 2 2 
2.90703 2 2.91413 
44.2576 44.2525 44.2523 
44.2576 44.2523 44.2572 
44.2525 44.2375 44.2373 
44.2525 44.2373 44.2523 
44.2375 44.2124 44.2123 
44.2375 44.2123 44.2373 
44.2124 44.1774 44.1774 
44.2124 44.1774 44.2123 
44.1774 44.1324 44.1324 
44.1774 44.1324 44.1774 
44.1324 44.0774 44.0774 
44.1324 44.0774 44.1324 
44.0774 44.0124 44.0124 
44.0774 44.0124 44.0774 
44.0124 43.9374 43.9374 
44.0124 43.9374 44.0124 
43.9374 43.8524 43.8524 
43.9374 43.8524 43.9374 
43.8524 43.7573 43.7574 
43.8524 43.7574 43.8524 
43.7573 43.6523 43.6525 
43.7573 43.6525 43.7574 
43.6523 43.5372 43.5376 
43.6523 43.5376 43.6525 
43.5372 43.412 43.4128 
43.5372 43.4128 43.5376 
43.412 43.2768 43.2781 
43.412 43.2781 43.4128 
43.2768 43.1313 43.1337 
43.2768 43.1337 43.2781 
43.1313 42.9755 42.9798 
43.1313 42.9798 43.1337 
42.9755 42.8094 42.8171 
42.9755 42.8171 42.9798 
42.8094 42.6333 42.6467 
42.8094 42.6467 42.8171 
42.6333 42.4489 42.4711 
42.6333 42.4711 42.6467 
42.4489 42.2625 42.2945 
42.4489 42.2945 42.4711 
42.2625 42.0892 42.1227 
42.2625 42.1227 42.2945 
42.0892 41.926 41.9559 
42.0892 41.9559 42.1227 
41.926 41.7674 41.792 
41.926 41.792 41.9559 
41.7674 41.6087 41.628 
41.7674 41.628 41.792 
41.6087 41.4468 41.4616 
41.6087 41.4616 41.628 
41.4468 41.2798 41.2909 
41.4468 41.2909 41.4616 
41.2798 41.106 41.1144 
41.2798 41.1144 41.2909 
41.106 40.9247 40.9309 
41.106 40.9309 41.1144 
40.9247 40.7351 40.7397 
40.9247 40.7397 40.9309 
40.7351 40.5367 40.5401 
40.7351 40.5401 40.7397 
40.5367 40.3293 40.3318 
40.5367 40.3318 40.5401 
40.3293 40.1125 40.1143 
40.3293 40.1143 40.3318 
40.1125 39.8862 39.8875 
40.1125 39.8875 40.1143 
39.8862 39.6502 39.6512 
39.8862 39.6512 39.8875 
39.6502 39.4045 39.4052 
39.6502 39.4052 39.6512 
39.4045 39.149 39.1495 
39.4045 39.1495 39.4052 
39.149 38.8836 38.884 
39.149 38.884 39.1495 
38.8836 38.6083 38.6086 
38.8836 38.6086 38.884 
38.6083 38.3231 38.3233 
38.6083 38.3233 38.6086 
38.3231 38.028 38.0281 
38.3231 38.0281 38.3233 
38.028 37.7229 37.723 
38.028 37.723 38.0281 
37.7229 37.4078 37.4079 
37.7229 37.4079 37.723 
37.4078 37.0827 37.0828 
37.4078 37.0828 37.4079 
37.0827 36.7477 36.7478 
37.0827 36.7478 37.0828 
36.7477 36.4027 36.4027 
36.7477 36.4027 36.7478 
36.4027 36.0477 36.0477 
36.4027 36.0477 36.4027 
36.0477 35.6826 35.6827 
36.0477 35.6827 36.0477 
35.6826 35.3076 35.3076 
35.6826 35.3076 35.6827 
35.3076 34.9226 34.9226 
35.3076 34.9226 35.3076 
34.9226 34.5276 34.5276 
34.9226 34.5276 34.9226 
34.5276 34.1226 34.1226 
34.5276 34.1226 34.5276 
34.1226 33.7076 33.7076 
34.1226 33.7076 34.1226 
33.7076 33.2826 33.2826 
33.7076 33.2826 33.7076 
33.2826 32.8476 32.8476 
33.2826 32.8476 33.2826 
32.8476 32.4026 32.4026 
32.8476 32.4026 32.8476 
32.4026 31.9476 31.9476 
32.4026 31.9476 32.4026 
31.9476 31.4826 31.4826 
31.9476 31.4826 31.9476 
31.4826 31.0076 31.0076 
31.4826 31.0076 31.4826 
31.0076 30.5226 30.5226 
31.0076 30.5226 31.0076 
30.5226 30.0276 30.0276 
30.5226 30.0276 30.5226 
30.0276 29.5226 29.5226 
30.0276 29.5226 30.0276 
29.5226 29.0076 29.0076 
29.5226 29.0076 29.5226 
29.0076 28.4826 28.4826 
29.0076 28.4826 29.0076 
28.4826 27.9476 27.9476 
28.4826 27.9476 28.4826 
27.9476 27.4026 27.4026 
27.9476 27.4026 27.9476 
27.4026 26.8476 26.8476 
27.4026 26.8476 27.4026 
26.8476 26.2826 26.2826 
26.8476 26.2826 26.8476 
26.2826 25.7076 25.7076 
26.2826 25.7076 26.2826 
25.7076 25.1226 25.1226 
25.7076 25.1226 25.7076 
25.1226 24.5276 24.5276 
25.1226 24.5276 25.1226 
24.5276 23.9226 23.9226 
24.5276 23.9226 24.5276 
23.9226 23.3076 23.3076 
23.9226 23.3076 23.9226 
23.3076 22.6826 22.6826 
23.3076 22.6826 23.3076 
22.6826 22.0476 22.0476 
22.6826 22.0476 22.6826 
22.0476 21.4026 21.4026 
22.0476 21.4026 22.0476 
21.4026 20.7476 20.7476 
21.4026 20.7476 21.4026 
20.7476 20.0826 20.0826 
20.7476 20.0826 20.7476 
20.0826 19.4076 19.4076 
20.0826 19.4076 20.0826 
19.4076 18.7226 18.7227 
19.4076 18.7227 19.4076 
18.7226 18.0277 18.0277 
18.7226 18.0277 18.7227 
18.0277 17.3227 17.3227 
18.0277 17.3227 18.0277 
17.3227 16.6077 16.6078 
17.3227 16.6078 17.3227 
16.6077 15.8828 15.8828 
16.6077 15.8828 16.6078 
15.8828 15.1478 15.1479 
15.8828 15.1479 15.8828 
15.1478 14.4029 14.403 
15.1478 14.403 15.1479 
14.4029 13.648 13.6482 
14.4029 13.6482 14.403 
13.648 12.8831 12.8834 
13.648 12.8834 13.6482 
12.8831 12.1083 12.1087 
12.8831 12.1087 12.8834 
12.1083 11.3236 11.3241 
12.1083 11.3241 12.1087 
11.3236 10.529 10.5296 
11.3236 10.5296 11.3241 
10.529 9.72446 9.72536 
10.529 9.72536 10.5296 
9.72446 8.91009 8.91139 
9.72446 8.91139 9.72536 
8.91009 8.08588 8.08781 
8.91009 8.08781 8.91139 
8.08588 7.25183 7.25475 
8.08588 7.25475 8.08781 
7.25183 6.40783 6.41233 
7.25183 6.41233 7.25475 
6.40783 5.55352 5.56056 
6.40783 5.56056 6.41233 
5.55352 4.68801 4.69884 
5.55352 4.69884 5.56056 
4.68801 3.80932 3.82464 
4.68801 3.82464 4.69884 
3.80932 2.91413 2.93015 
3.80932 2.93015 3.82464 
2.91413 2 2 
2.91413 2 2.93015 
44.2572 44.2523 44.252 
44.2572 44.252 44.2568 
44.2523 44.2373 44.2372 
44.2523 44.2372 44.252 
44.2373 44.2123 44.2123 
44.2373 44.2123 44.2372 
44.2123 44.1774 44.1773 
44.2123 44.1773 44.2123 
44.1774 44.1324 44.1324 
44.1774 44.1324 44.1773 
44.1324 44.0774 44.0774 
44.1324 44.0774 44.1324 
44.0774 44.0124 44.0124 
44.0774 44.0124 44.0774 
44.0124 43.9374 43.9374 
44.0124 43.9374 44.0124 
43.9374 43.8524 43.8525 
43.9374 43.8525 43.9374 
43.8524 43.7574 43.7575 
43.8524 43.7575 43.8525 
43.7574 43.6525 43.6527 
43.7574 43.6527 43.7575 
43.6525 43.5376 43.5379 
43.6525 43.5379 43.6527 
43.5376 43.4128 43.4133 
43.5376 43.4133 43.5379 
43.4128 43.2781 43.2791 
43.4128 43.2791 43.4133 
43.2781 43.1337 43.1355 
43.2781 43.1355 43.2791 
43.1337 42.9798 42.983 
43.1337 42.983 43.1355 
42.9798 42.8171 42.8225 
42.9798 42.8225 42.983 
42.8171 42.6467 42.6555 
42.8171 42.6555 42.8225 
42.6467 42.4711 42.4842 
42.6467 42.4842 42.6555 
42.4711 42.2945 42.3118 
42.4711 42.3118 42.4842 
42.2945 42.1227 42.1412 
42.2945 42.1412 42.3118 
42.1227 41.9559 41.9731 
42.1227 41.9731 42.1412 
41.9559 41.792 41.8065 
41.9559 41.8065 41.9731 
41.792 41.628 41.6398 
41.792 41.6398 41.8065 
41.628 41.4616 41.4708 
41.628 41.4708 41.6398 
41.4616 41.2909 41.2979 
41.4616 41.2979 41.4708 
41.2909 41.1144 41.1196 
41.2909 41.1196 41.2979 
41.1144 40.9309 40.9348 
41.1144 40.9348 41.1196 
40.9309 40.7397 40.7426 
40.9309 40.7426 40.9348 
40.7397 40.5401 40.5423 
40.7397 40.5423 40.7426 
40.5401 40.3318 40.3333 
40.5401 40.3333 40.5423 
40.3318 40.1143 40.1155 
40.3318 40.1155 40.3333 
40.1143 39.8875 39.8884 
40.1143 39.8884 40.1155 
39.8875 39.6512 39.6518 
39.8875 39.6518 39.8884 
39.6512 39.4052 39.4057 
39.6512 39.4057 39.6518 
39.4052 39.1495 39.1499 
39.4052 39.1499 39.4057 
39.1495 38.884 38.8843 
39.1495 38.8843 39.1499 
38.884 38.6086 38.6088 
38.884 38.6088 38.8843 
38.6086 38.3233 38.3235 
38.6086 38.3235 38.6088 
38.3233 38.0281 38.0282 
38.3233 38.0282 38.3235 
38.0281 37.723 37.7231 
38.0281 37.7231 38.0282 
37.723 37.4079 37.4079 
37.723 37.4079 37.7231 
37.4079 37.0828 37.0828 
37.4079 37.0828 37.4079 
37.0828 36.7478 36.7478 
37.0828 36.7478 37.0828 
36.7478 36.4027 36.4027 
36.7478 36.4027 36.7478 
36.4027 36.0477 36.0477 
36.4027 36.0477 36.4027 
36.0477 35.6827 35.6827 
36.0477 35.6827 36.0477 
35.6827 35.3076 35.3076 
35.6827 35.3076 35.6827 
35.3076 34.9226 34.9226 
35.3076 34.9226 35.3076 
34.9226 34.5276 34.5276 
34.9226 34.5276 34.9226 
34.5276 34.1226 34.1226 
34.5276 34.1226 34.5276 
34.1226 33.7076 33.7076 
34.1226 33.7076 34.1226 
33.7076 33.2826 33.2826 
33.7076 33.2826 33.7076 
33.2826 32.8476 32.8476 
33.2826 32.8476 33.2826 
32.8476 32.4026 32.4026 
32.8476 32.4026 32.8476 
32.4026 31.9476 31.9476 
32.4026 31.9476 32.4026 
31.9476 31.4826 31.4826 
31.9476 31.4826 31.9476 
31.4826 31.0076 31.0076 
31.4826 31.0076 31.4826 
31.0076 30.5226 30.5226 
31.0076 30.5226 31.0076 
30.5226 30.0276 30.0276 
30.5226 30.0276 30.5226 
30.0276 29.5226 29.5226 
30.0276 29.5226 30.0276 
29.5226 29.0076 29.0076 
29.5226 29.0076 29.5226 
29.0076 28.4826 28.4826 
29.0076 28.4826 29.0076 
28.4826 27.9476 27.9476 
28.4826 27.9476 28.4826 
27.9476 27.4026 27.4026 
27.9476 27.4026 27.9476 
27.4026 26.8476 26.8476 
27.4026 26.8476 27.4026 
26.8476 26.2826 26.2826 
26.8476 26.2826 26.8476 
26.2826 25.7076 25.7076 
26.2826 25.7076 26.2826 
25.7076 25.1226 25.1226 
25.7076 25.1226 25.7076 
25.1226 24.5276 24.5276 
25.1226 24.5276 25.1226 
24.5276 23.9226 23.9226 
24.5276 23.9226 24.5276 
23.9226 23.3076 23.3076 
23.9226 23.3076 23.9226 
23.3076 22.6826 22.6826 
23.3076 22.6826 23.3076 
22.6826 22.0476 22.0476 
22.6826 22.0476 22.6826 
22.0476 21.4026 21.4026 
22.0476 21.4026 22.0476 
21.4026 20.7476 20.7476 
21.4026 20.7476 21.4026 
20.7476 20.0826 20.0826 
20.7476 20.0826 20.7476 
20.0826 19.4076 19.4076 
20.0826 19.4076 20.0826 
19.4076 18.7227 18.7227 
19.4076 18.7227 19.4076 
18.7227 18.0277 18.0277 
18.7227 18.0277 18.7227 
18.0277 17.3227 17.3227 
18.0277 17.3227 18.0277 
17.3227 16.6078 16.6078 
17.3227 16.6078 17.3227 
16.6078 15.8828 15.8829 
16.6078 15.8829 16.6078 
15.8828 15.1479 15.148 
15.8828 15.148 15.8829 
15.1479 14.403 14.4031 
15.1479 14.4031 15.148 
14.403 13.6482 13.6483 
14.403 13.6483 14.4031 
13.6482 12.8834 12.8835 
13.6482 12.8835 13.6483 
12.8834 12.1087 12.1089 
12.8834 12.1089 12.8835 
12.1087 11.3241 11.3244 
12.1087 11.3244 12.1089 
11.3241 10.5296 10.53 
11.3241 10.53 11.3244 
10.5296 9.72536 9.72597 
10.5296 9.72597 10.53 
9.72536 8.91139 8.9123 
9.72536 8.9123 9.72597 
8.91139 8.08781 8.08922 
8.91139 8.08922 8.9123 
8.08781 7.25475 7.25702 
8.08781 7.25702 8.08922 
7.25475 6.41233 6.41619 
7.25475 6.41619 7.25702 
6.41233 5.56056 5.56753 
6.41233 5.56753 6.41619 
5.56056 4.69884 4.71214 
5.56056 4.71214 5.56753 
4.69884 3.82464 3.85024 
4.69884 3.85024 4.71214 
3.82464 2.93015 2.97184 
3.82464 2.97184 3.85024 
2.93015 2 2 
2.93015 2 2.97184 
44.2568 44.252 44.2517 
44.2568 44.2517 44.2559 
44.252 44.2372 44.2371 
44.252 44.2371 44.2517 
44.2372 44.2123 44.2122 
44.2372 44.2122 44.2371 
44.2123 44.1773 44.1773 
44.2123 44.1773 44.2122 
44.1773 44.1324 44.1323 
44.1773 44.1323 44.1773 
44.1324 44.0774 44.0774 
44.1324 44.0774 44.1323 
44.0774 44.0124 44.0124 
44.0774 44.0124 44.0774 
44.0124 43.9374 43.9374 
44.0124 43.9374 44.0124 
43.9374 43.8525 43.8525 
43.9374 43.8525 43.9374 
43.8525 43.7575 43.7576 
43.8525 43.7576 43.8525 
43.7575 43.6527 43.6527 
43.7575 43.6527 43.7576 
43.6527 43.5379 43.538 
43.6527 43.538 43.6527 
43.5379 43.4133 43.4135 
43.5379 43.4135 43.538 
43.4133 43.2791 43.2794 
43.4133 43.2794 43.4135 
43.2791 43.1355 43.1361 
43.2791 43.1361 43.2794 
43.1355 42.983 42.9841 
43.1355 42.9841 43.1361 
42.983 42.8225 42.8244 
42.983 42.8244 42.9841 
42.8225 42.6555 42.6585 
42.8225 42.6585 42.8244 
42.6555 42.4842 42.4886 
42.6555 42.4886 42.6585 
42.4842 42.3118 42.3173 
42.4842 42.3173 42.4886 
42.3118 42.1412 42.1471 
42.3118 42.1471 42.3173 
42.1412 41.9731 41.9786 
42.1412 41.9786 42.1471 
41.9731 41.8065 41.8113 
41.9731 41.8113 41.9786 
41.8065 41.6398 41.6437 
41.8065 41.6437 41.8113 
41.6398 41.4708 41.4739 
41.6398 41.4739 41.6437 
41.4708 41.2979 41.3003 
41.4708 41.3003 41.4739 
41.2979 41.1196 41.1214 
41.2979 41.1214 41.3003 
41.1196 40.9348 40.9362 
41.1196 40.9362 41.1214 
40.9348 40.7426 40.7436 
40.9348 40.7436 40.9362 
40.7426 40.5423 40.543 
40.7426 40.543 40.7436 
40.5423 40.3333 40.3339 
40.5423 40.3339 40.543 
40.3333 40.1155 40.1159 
40.3333 40.1159 40.3339 
40.1155 39.8884 39.8887 
40.1155 39.8887 40.1159 
39.8884 39.6518 39.652 
39.8884 39.652 39.8887 
39.6518 39.4057 39.4058 
39.6518 39.4058 39.652 
39.4057 39.1499 39.15 
39.4057 39.15 39.4058 
39.1499 38.8843 38.8843 
39.1499 38.8843 39.15 
38.8843 38.6088 38.6089 
38.8843 38.6089 38.8843 
38.6088 38.3235 38.3235 
38.6088 38.3235 38.6089 
38.3235 38.0282 38.0283 
38.3235 38.0283 38.3235 
38.0282 37.7231 37.7231 
38.0282 37.7231 38.0283 
37.7231 37.4079 37.408 
37.7231 37.408 37.7231 
37.4079 37.0828 37.0829 
37.4079 37.0829 37.408 
37.0828 36.7478 36.7478 
37.0828 36.7478 37.0829 
36.7478 36.4027 36.4027 
36.7478 36.4027 36.7478 
36.4027 36.0477 36.0477 
36.4027 36.0477 36.4027 
36.0477 35.6827 35.6827 
36.0477 35.6827 36.0477 
35.6827 35.3076 35.3076 
35.6827 35.3076 35.6827 
35.3076 34.9226 34.9226 
35.3076 34.9226 35.3076 
34.9226 34.5276 34.5276 
34.9226 34.5276 34.9226 
34.5276 34.1226 34.1226 
34.5276 34.1226 34.5276 
34.1226 33.7076 33.7076 
34.1226 33.7076 34.1226 
33.7076 33.2826 33.2826 
33.7076 33.2826 33.7076 
33.2826 32.8476 32.8476 
33.2826 32.8476 33.2826 
32.8476 32.4026 32.4026 
32.8476 32.4026 32.8476 
32.4026 31.9476 31.9476 
32.4026 31.9476 32.4026 
31.9476 31.4826 31.4826 
31.9476 31.4826 31.9476 
31.4826 31.0076 31.0076 
31.4826 31.0076 31.4826 
31.0076 30.5226 30.5226 
31.0076 30.5226 31.0076 
30.5226 30.0276 30.0276 
30.5226 30.0276 30.5226 
30.0276 29.5226 29.5226 
30.0276 29.5226 30.0276 
29.5226 29.0076 29.0076 
29.5226 29.0076 29.5226 
29.0076 28.4826 28.4826 
29.0076 28.4826 29.0076 
28.4826 27.9476 27.9476 
28.4826 27.9476 28.4826 
27.9476 27.4026 27.4026 
27.9476 27.4026 27.9476 
27.4026 26.8476 26.8476 
27.4026 26.8476 27.4026 
26.8476 26.2826 26.2826 
26.8476 26.2826 26.8476 
26.2826 25.7076 25.7076 
26.2826 25.7076 26.2826 
25.7076 25.1226 25.1226 
25.7076 25.1226 25.7076 
25.1226 24.5276 24.5276 
25.1226 24.5276 25.1226 
24.5276 23.9226 23.9226 
24.5276 23.9226 24.5276 
23.9226 23.3076 23.3076 
23.9226 23.3076 23.9226 
23.3076 22.6826 22.6826 
23.3076 22.6826 23.3076 
22.6826 22.0476 22.0476 
22.6826 22.0476 22.6826 
22.0476 21.4026 21.4026 
22.0476 21.4026 22.0476 
21.4026 20.7476 20.7476 
21.4026 20.7476 21.4026 
20.7476 20.0826 20.0826 
20.7476 20.0826 20.7476 
20.0826 19.4076 19.4076 
20.0826 19.4076 20.0826 
19.4076 18.7227 18.7227 
19.4076 18.7227 19.4076 
18.7227 18.0277 18.0277 
18.7227 18.0277 18.7227 
18.0277 17.3227 17.3227 
18.0277 17.3227 18.0277 
17.3227 16.6078 16.6078 
17.3227 16.6078 17.3227 
16.6078 15.8829 15.8829 
16.6078 15.8829 16.6078 
15.8829 15.148 15.148 
15.8829 15.148 15.8829 
15.148 14.4031 14.4031 
15.148 14.4031 15.148 
14.4031 13.6483 13.6483 
14.4031 13.6483 14.4031 
13.6483 12.8835 12.8836 
13.6483 12.8836 13.6483 
12.8835 12.1089 12.1089 
12.8835 12.1089 12.8836 
12.1089 11.3244 11.3245 
12.1089 11.3245 12.1089 
11.3244 10.53 10.5302 
11.3244 10.5302 11.3245 
10.53 9.72597 9.72619 
10.53 9.72619 10.5302 
9.72597 8.9123 8.91263 
9.72597 8.91263 9.72619 
8.9123 8.08922 8.08975 
8.9123 8.08975 8.91263 
8.08922 7.25702 7.25792 
8.08922 7.25792 8.08975 
7.25702 6.41619 6.41788 
7.25702 6.41788 7.25792 
6.41619 5.56753 5.57123 
6.41619 5.57123 6.41788 
5.56753 4.71214 4.72197 
5.56753 4.72197 5.57123 
4.71214 3.85024 3.88235 
4.71214 3.88235 4.72197 
3.85024 2.97184 3.09696 
3.85024 3.09696 3.88235 
2.97184 2 2.55181 
2.97184 2.55181 3.09696 
